##########################################################

34
Block 0
-1: 0[0], 0[1], 0[2], 0[3], 
0: 0[1], 0[2], 0[3], 
1: 0[2], 0[3], 
2: 0[3], 
-2: 0[0], 0[1], 0[2], 
-3: 0[0], 0[1], 
-4: 0[0], 

##########################################################

35
Block 0
-1: 3[0], 6[1], 9[2], 12[3], 
0: 3[1], 6[2], 9[3], 
1: 3[2], 6[3], 
2: 3[3], 
-2: 6[0], 9[1], 12[2], 
-3: 9[0], 12[1], 
-4: 12[0], 

Block 1
-1: 15[0], 18[1], 21[1], 24[2], 
0: 15[1], 18[2], 21[2], 24[3], 
1: 15[2], 18[3], 21[3], 
2: 15[3], 
-2: 18[0], 21[0], 24[1], 
-3: 24[0], 

Block 2
-1: 27[0], 30[0], 1[1], 4[2], 
0: 27[1], 30[1], 1[2], 4[3], 
1: 27[2], 30[2], 1[3], 
2: 27[3], 30[3], 
-2: 1[0], 4[1], 
-3: 4[0], 

Block 3
-1: 7[0], 10[1], 13[2], 16[2], 
0: 7[1], 10[2], 13[3], 16[3], 
1: 7[2], 10[3], 
2: 7[3], 
-2: 10[0], 13[1], 16[1], 
-3: 13[0], 16[0], 

