##########################################################

34
Block 0
-1: 16, 32, 0, 
0: 32, 16, 0, 
1: 16, 0, 
2: 0, 
-2: 16, 32, 0, 
-3: 16, 32, 0, 
-4: 16, 32, 0, 
-5: 16, 32, 0, 
-6: 16, 32, 0, 
-7: 16, 32, 0, 
-8: 16, 32, 0, 
-9: 16, 32, 0, 
-10: 16, 32, 0, 
-11: 16, 32, 0, 
-12: 16, 32, 0, 
-13: 16, 32, 0, 
-14: 16, 32, 
-15: 16, 32, 
-16: 16, 

##########################################################

35
Block 0
-1: 15, 29, 20, 6, 
0: 31, 19, 4, 
1: 17, 3, 
2: 1, 
-2: 13, 28, 22, 7, 
-3: 12, 26, 23, 9, 
-4: 10, 25, 
-5: 9, 23, 26, 12, 
-6: 7, 22, 28, 13, 
-7: 6, 20, 29, 15, 0, 
-8: 4, 19, 31, 16, 2, 
-9: 3, 17, 32, 18, 
-10: 1, 16, 30, 19, 5, 
-11: 14, 29, 21, 6, 
-12: 13, 27, 22, 8, 
-13: 11, 26, 24, 
-14: 10, 24, 
-15: 8, 

Block 1
-1: 7, 21, 28, 14, 
0: 23, 27, 12, 
1: 25, 11, 
2: 9, 
-2: 5, 20, 30, 15, 1, 
-3: 4, 18, 31, 17, 2, 
-4: 2, 17, 31, 18, 4, 
-5: 1, 15, 30, 20, 5, 
-6: 14, 28, 21, 7, 
-7: 12, 27, 23, 8, 
-8: 11, 25, 24, 10, 
-9: 9, 24, 26, 11, 
-10: 8, 22, 27, 13, 
-11: 6, 21, 29, 14, 0, 
-12: 5, 19, 30, 16, 
-13: 3, 18, 32, 
-14: 2, 16, 

