##########################################################

34
Block 0
-1: 0[0], 0[1], 0[2], 0[3], 
0: 0[1], 0[2], 0[3], 
1: 0[2], 0[3], 
2: 0[3], 
-2: 0[0], 0[1], 0[2], 0[3], 
-3: 0[0], 0[1], 0[2], 0[3], 
-4: 0[0], 0[1], 0[2], 0[3], 
-5: 0[0], 0[1], 0[2], 0[3], 
-6: 0[0], 0[1], 0[2], 0[3], 
-7: 0[0], 0[1], 0[2], 0[3], 
-8: 0[0], 0[1], 0[2], 0[3], 
-9: 0[0], 0[1], 0[2], 0[3], 
-10: 0[0], 0[1], 0[2], 0[3], 
-11: 0[0], 0[1], 0[2], 0[3], 
-12: 0[0], 0[1], 0[2], 0[3], 
-13: 0[0], 0[1], 0[2], 0[3], 
-14: 0[0], 0[1], 0[2], 0[3], 
-15: 0[0], 0[1], 0[2], 0[3], 
-16: 0[0], 0[1], 0[2], 0[3], 
-17: 0[0], 0[1], 0[2], 0[3], 
-18: 0[0], 0[1], 0[2], 0[3], 
-19: 0[0], 0[1], 0[2], 0[3], 
-20: 0[0], 0[1], 0[2], 0[3], 
-21: 0[0], 0[1], 0[2], 0[3], 
-22: 0[0], 0[1], 0[2], 0[3], 
-23: 0[0], 0[1], 0[2], 0[3], 
-24: 0[0], 0[1], 0[2], 0[3], 
-25: 0[0], 0[1], 0[2], 0[3], 
-26: 0[0], 0[1], 0[2], 0[3], 
-27: 0[0], 0[1], 0[2], 0[3], 
-28: 0[0], 0[1], 0[2], 0[3], 
-29: 0[0], 0[1], 0[2], 0[3], 
-30: 0[0], 0[1], 0[2], 
-31: 0[0], 0[1], 
-32: 0[0], 

##########################################################

35
Block 0
-1: 3[0], 6[1], 9[2], 12[3], 
0: 3[1], 6[2], 9[3], 
1: 3[2], 6[3], 
2: 3[3], 
-2: 6[0], 9[1], 12[2], 15[3], 
-3: 9[0], 12[1], 15[2], 18[3], 
-4: 12[0], 15[1], 18[2], 21[3], 
-5: 15[0], 18[1], 21[2], 24[3], 
-6: 18[0], 21[1], 24[2], 27[3], 
-7: 21[0], 24[1], 27[2], 30[3], 1[3], 
-8: 24[0], 27[1], 30[2], 1[2], 4[3], 
-9: 27[0], 30[1], 1[1], 4[2], 7[3], 
-10: 30[0], 1[0], 4[1], 7[2], 10[3], 
-11: 4[0], 7[1], 10[2], 13[3], 
-12: 7[0], 10[1], 13[2], 16[3], 
-13: 10[0], 13[1], 16[2], 19[3], 
-14: 13[0], 16[1], 19[2], 22[3], 
-15: 16[0], 19[1], 22[2], 25[3], 
-16: 19[0], 22[1], 25[2], 28[3], 
-17: 22[0], 25[1], 28[2], 31[3], 2[3], 
-18: 25[0], 28[1], 31[2], 2[2], 5[3], 
-19: 28[0], 31[1], 2[1], 5[2], 8[3], 
-20: 31[0], 2[0], 5[1], 8[2], 11[3], 
-21: 5[0], 8[1], 11[2], 14[3], 
-22: 8[0], 11[1], 14[2], 17[3], 
-23: 11[0], 14[1], 17[2], 20[3], 
-24: 14[0], 17[1], 20[2], 23[3], 
-25: 17[0], 20[1], 23[2], 26[3], 
-26: 20[0], 23[1], 26[2], 29[3], 0[3], 
-27: 23[0], 26[1], 29[2], 0[2], 
-28: 26[0], 29[1], 0[1], 
-29: 29[0], 0[0], 

##########################################################

36
Block 0
-1: 6[0], 12[1], 18[2], 24[3], 
0: 6[1], 12[2], 18[3], 
1: 6[2], 12[3], 
2: 6[3], 
-2: 12[0], 18[1], 24[2], 30[3], 4[3], 
-3: 18[0], 24[1], 30[2], 4[2], 10[3], 
-4: 24[0], 30[1], 4[1], 10[2], 16[3], 
-5: 30[0], 4[0], 10[1], 16[2], 22[3], 
-6: 10[0], 16[1], 22[2], 28[3], 2[3], 
-7: 16[0], 22[1], 28[2], 2[2], 8[3], 
-8: 22[0], 28[1], 2[1], 8[2], 14[3], 
-9: 28[0], 2[0], 8[1], 14[2], 20[3], 
-10: 8[0], 14[1], 20[2], 26[3], 0[3], 
-11: 14[0], 20[1], 26[2], 0[2], 6[3], 
-12: 20[0], 26[1], 0[1], 6[2], 12[3], 
-13: 26[0], 0[0], 6[1], 12[2], 18[3], 
-14: 6[0], 12[1], 18[2], 24[3], 
-15: 12[0], 18[1], 24[2], 30[3], 4[3], 
-16: 18[0], 24[1], 30[2], 4[2], 10[3], 
-17: 24[0], 30[1], 4[1], 10[2], 16[3], 
-18: 30[0], 4[0], 10[1], 16[2], 22[3], 
-19: 10[0], 16[1], 22[2], 28[3], 2[3], 
-20: 16[0], 22[1], 28[2], 2[2], 8[3], 
-21: 22[0], 28[1], 2[1], 8[2], 14[3], 
-22: 28[0], 2[0], 8[1], 14[2], 20[3], 
-23: 8[0], 14[1], 20[2], 26[3], 0[3], 
-24: 14[0], 20[1], 26[2], 0[2], 
-25: 20[0], 26[1], 0[1], 
-26: 26[0], 0[0], 

##########################################################

37
Block 0
-1: 9[0], 18[1], 27[2], 4[2], 13[3], 
0: 9[1], 18[2], 27[3], 4[3], 
1: 9[2], 18[3], 
2: 9[3], 
-2: 18[0], 27[1], 4[1], 13[2], 22[3], 
-3: 27[0], 4[0], 13[1], 22[2], 31[3], 8[3], 
-4: 13[0], 22[1], 31[2], 8[2], 17[3], 
-5: 22[0], 31[1], 8[1], 17[2], 26[3], 3[3], 
-6: 31[0], 8[0], 17[1], 26[2], 3[2], 12[3], 
-7: 17[0], 26[1], 3[1], 12[2], 21[3], 
-8: 26[0], 3[0], 12[1], 21[2], 30[3], 7[3], 
-9: 12[0], 21[1], 30[2], 7[2], 16[3], 
-10: 21[0], 30[1], 7[1], 16[2], 25[3], 2[3], 
-11: 30[0], 7[0], 16[1], 25[2], 2[2], 11[3], 
-12: 16[0], 25[1], 2[1], 11[2], 20[3], 
-13: 25[0], 2[0], 11[1], 20[2], 29[3], 6[3], 
-14: 11[0], 20[1], 29[2], 6[2], 15[3], 
-15: 20[0], 29[1], 6[1], 15[2], 24[3], 1[3], 
-16: 29[0], 6[0], 15[1], 24[2], 1[2], 10[3], 
-17: 15[0], 24[1], 1[1], 10[2], 19[3], 
-18: 24[0], 1[0], 10[1], 19[2], 28[3], 5[3], 
-19: 10[0], 19[1], 28[2], 5[2], 14[3], 
-20: 19[0], 28[1], 5[1], 14[2], 23[3], 0[3], 
-21: 28[0], 5[0], 14[1], 23[2], 0[2], 
-22: 14[0], 23[1], 0[1], 
-23: 23[0], 0[0], 

##########################################################

38
Block 0
-1: 12[0], 24[1], 4[1], 16[2], 28[3], 8[3], 
0: 12[1], 24[2], 4[2], 16[3], 
1: 12[2], 24[3], 4[3], 
2: 12[3], 
-2: 24[0], 4[0], 16[1], 28[2], 8[2], 20[3], 0[3], 
-3: 16[0], 28[1], 8[1], 20[2], 0[2], 12[3], 
-4: 28[0], 8[0], 20[1], 0[1], 12[2], 24[3], 4[3], 
-5: 20[0], 0[0], 12[1], 24[2], 4[2], 16[3], 
-6: 12[0], 24[1], 4[1], 16[2], 28[3], 8[3], 
-7: 24[0], 4[0], 16[1], 28[2], 8[2], 20[3], 0[3], 
-8: 16[0], 28[1], 8[1], 20[2], 0[2], 12[3], 
-9: 28[0], 8[0], 20[1], 0[1], 12[2], 24[3], 4[3], 
-10: 20[0], 0[0], 12[1], 24[2], 4[2], 16[3], 
-11: 12[0], 24[1], 4[1], 16[2], 28[3], 8[3], 
-12: 24[0], 4[0], 16[1], 28[2], 8[2], 20[3], 0[3], 
-13: 16[0], 28[1], 8[1], 20[2], 0[2], 12[3], 
-14: 28[0], 8[0], 20[1], 0[1], 12[2], 24[3], 4[3], 
-15: 20[0], 0[0], 12[1], 24[2], 4[2], 16[3], 
-16: 12[0], 24[1], 4[1], 16[2], 28[3], 8[3], 
-17: 24[0], 4[0], 16[1], 28[2], 8[2], 20[3], 0[3], 
-18: 16[0], 28[1], 8[1], 20[2], 0[2], 
-19: 28[0], 8[0], 20[1], 0[1], 
-20: 20[0], 0[0], 

##########################################################

39
Block 0
-1: 14[0], 28[1], 10[1], 24[2], 6[2], 20[3], 2[3], 
0: 14[1], 28[2], 10[2], 24[3], 6[3], 
1: 14[2], 28[3], 10[3], 
2: 14[3], 
-2: 28[0], 10[0], 24[1], 6[1], 20[2], 2[2], 16[3], 
-3: 24[0], 6[0], 20[1], 2[1], 16[2], 30[3], 12[3], 
-4: 20[0], 2[0], 16[1], 30[2], 12[2], 26[3], 8[3], 
-5: 16[0], 30[1], 12[1], 26[2], 8[2], 22[3], 4[3], 
-6: 30[0], 12[0], 26[1], 8[1], 22[2], 4[2], 18[3], 0[3], 
-7: 26[0], 8[0], 22[1], 4[1], 18[2], 0[2], 14[3], 
-8: 22[0], 4[0], 18[1], 0[1], 14[2], 28[3], 10[3], 
-9: 18[0], 0[0], 14[1], 28[2], 10[2], 24[3], 6[3], 
-10: 14[0], 28[1], 10[1], 24[2], 6[2], 20[3], 2[3], 
-11: 28[0], 10[0], 24[1], 6[1], 20[2], 2[2], 16[3], 
-12: 24[0], 6[0], 20[1], 2[1], 16[2], 30[3], 12[3], 
-13: 20[0], 2[0], 16[1], 30[2], 12[2], 26[3], 8[3], 
-14: 16[0], 30[1], 12[1], 26[2], 8[2], 22[3], 4[3], 
-15: 30[0], 12[0], 26[1], 8[1], 22[2], 4[2], 18[3], 0[3], 
-16: 26[0], 8[0], 22[1], 4[1], 18[2], 0[2], 
-17: 22[0], 4[0], 18[1], 0[1], 
-18: 18[0], 0[0], 

##########################################################

40
Block 0
-1: 16[0], 0[0], 16[1], 0[1], 16[2], 0[2], 16[3], 0[3], 
0: 16[1], 0[1], 16[2], 0[2], 16[3], 0[3], 
1: 16[2], 0[2], 16[3], 0[3], 
2: 16[3], 0[3], 
-2: 16[0], 0[0], 16[1], 0[1], 16[2], 0[2], 16[3], 0[3], 
-3: 16[0], 0[0], 16[1], 0[1], 16[2], 0[2], 16[3], 0[3], 
-4: 16[0], 0[0], 16[1], 0[1], 16[2], 0[2], 16[3], 0[3], 
-5: 16[0], 0[0], 16[1], 0[1], 16[2], 0[2], 16[3], 0[3], 
-6: 16[0], 0[0], 16[1], 0[1], 16[2], 0[2], 16[3], 0[3], 
-7: 16[0], 0[0], 16[1], 0[1], 16[2], 0[2], 16[3], 0[3], 
-8: 16[0], 0[0], 16[1], 0[1], 16[2], 0[2], 16[3], 0[3], 
-9: 16[0], 0[0], 16[1], 0[1], 16[2], 0[2], 16[3], 0[3], 
-10: 16[0], 0[0], 16[1], 0[1], 16[2], 0[2], 16[3], 0[3], 
-11: 16[0], 0[0], 16[1], 0[1], 16[2], 0[2], 16[3], 0[3], 
-12: 16[0], 0[0], 16[1], 0[1], 16[2], 0[2], 16[3], 0[3], 
-13: 16[0], 0[0], 16[1], 0[1], 16[2], 0[2], 16[3], 0[3], 
-14: 16[0], 0[0], 16[1], 0[1], 16[2], 0[2], 
-15: 16[0], 0[0], 16[1], 0[1], 
-16: 16[0], 0[0], 

##########################################################

41
Block 0
-1: 18[0], 4[0], 22[1], 8[1], 26[2], 12[2], 30[3], 16[3], 2[3], 
0: 18[1], 4[1], 22[2], 8[2], 26[3], 12[3], 
1: 18[2], 4[2], 22[3], 8[3], 
2: 18[3], 4[3], 
-2: 22[0], 8[0], 26[1], 12[1], 30[2], 16[2], 2[2], 20[3], 6[3], 
-3: 26[0], 12[0], 30[1], 16[1], 2[1], 20[2], 6[2], 24[3], 10[3], 
-4: 30[0], 16[0], 2[0], 20[1], 6[1], 24[2], 10[2], 28[3], 14[3], 0[3], 
-5: 20[0], 6[0], 24[1], 10[1], 28[2], 14[2], 0[2], 18[3], 4[3], 
-6: 24[0], 10[0], 28[1], 14[1], 0[1], 18[2], 4[2], 22[3], 8[3], 
-7: 28[0], 14[0], 0[0], 18[1], 4[1], 22[2], 8[2], 26[3], 12[3], 
-8: 18[0], 4[0], 22[1], 8[1], 26[2], 12[2], 30[3], 16[3], 2[3], 
-9: 22[0], 8[0], 26[1], 12[1], 30[2], 16[2], 2[2], 20[3], 6[3], 
-10: 26[0], 12[0], 30[1], 16[1], 2[1], 20[2], 6[2], 24[3], 10[3], 
-11: 30[0], 16[0], 2[0], 20[1], 6[1], 24[2], 10[2], 28[3], 14[3], 0[3], 
-12: 20[0], 6[0], 24[1], 10[1], 28[2], 14[2], 0[2], 
-13: 24[0], 10[0], 28[1], 14[1], 0[1], 
-14: 28[0], 14[0], 0[0], 

##########################################################

42
Block 0
-1: 20[0], 8[0], 28[1], 16[1], 4[1], 24[2], 12[2], 0[2], 20[3], 8[3], 
0: 20[1], 8[1], 28[2], 16[2], 4[2], 24[3], 12[3], 0[3], 
1: 20[2], 8[2], 28[3], 16[3], 4[3], 
2: 20[3], 8[3], 
-2: 28[0], 16[0], 4[0], 24[1], 12[1], 0[1], 20[2], 8[2], 28[3], 16[3], 4[3], 
-3: 24[0], 12[0], 0[0], 20[1], 8[1], 28[2], 16[2], 4[2], 24[3], 12[3], 0[3], 
-4: 20[0], 8[0], 28[1], 16[1], 4[1], 24[2], 12[2], 0[2], 20[3], 8[3], 
-5: 28[0], 16[0], 4[0], 24[1], 12[1], 0[1], 20[2], 8[2], 28[3], 16[3], 4[3], 
-6: 24[0], 12[0], 0[0], 20[1], 8[1], 28[2], 16[2], 4[2], 24[3], 12[3], 0[3], 
-7: 20[0], 8[0], 28[1], 16[1], 4[1], 24[2], 12[2], 0[2], 20[3], 8[3], 
-8: 28[0], 16[0], 4[0], 24[1], 12[1], 0[1], 20[2], 8[2], 28[3], 16[3], 4[3], 
-9: 24[0], 12[0], 0[0], 20[1], 8[1], 28[2], 16[2], 4[2], 24[3], 12[3], 0[3], 
-10: 20[0], 8[0], 28[1], 16[1], 4[1], 24[2], 12[2], 0[2], 
-11: 28[0], 16[0], 4[0], 24[1], 12[1], 0[1], 
-12: 24[0], 12[0], 0[0], 

##########################################################

43
Block 0
-1: 22[0], 12[0], 2[0], 24[1], 14[1], 4[1], 26[2], 16[2], 6[2], 28[3], 18[3], 8[3], 
0: 22[1], 12[1], 2[1], 24[2], 14[2], 4[2], 26[3], 16[3], 6[3], 
1: 22[2], 12[2], 2[2], 24[3], 14[3], 4[3], 
2: 22[3], 12[3], 2[3], 
-2: 24[0], 14[0], 4[0], 26[1], 16[1], 6[1], 28[2], 18[2], 8[2], 30[3], 20[3], 10[3], 0[3], 
-3: 26[0], 16[0], 6[0], 28[1], 18[1], 8[1], 30[2], 20[2], 10[2], 0[2], 22[3], 12[3], 2[3], 
-4: 28[0], 18[0], 8[0], 30[1], 20[1], 10[1], 0[1], 22[2], 12[2], 2[2], 24[3], 14[3], 4[3], 
-5: 30[0], 20[0], 10[0], 0[0], 22[1], 12[1], 2[1], 24[2], 14[2], 4[2], 26[3], 16[3], 6[3], 
-6: 22[0], 12[0], 2[0], 24[1], 14[1], 4[1], 26[2], 16[2], 6[2], 28[3], 18[3], 8[3], 
-7: 24[0], 14[0], 4[0], 26[1], 16[1], 6[1], 28[2], 18[2], 8[2], 30[3], 20[3], 10[3], 0[3], 
-8: 26[0], 16[0], 6[0], 28[1], 18[1], 8[1], 30[2], 20[2], 10[2], 0[2], 
-9: 28[0], 18[0], 8[0], 30[1], 20[1], 10[1], 0[1], 
-10: 30[0], 20[0], 10[0], 0[0], 

##########################################################

44
Block 0
-1: 24[0], 16[0], 8[0], 0[0], 24[1], 16[1], 8[1], 0[1], 24[2], 16[2], 8[2], 0[2], 24[3], 16[3], 8[3], 0[3], 
0: 24[1], 16[1], 8[1], 0[1], 24[2], 16[2], 8[2], 0[2], 24[3], 16[3], 8[3], 0[3], 
1: 24[2], 16[2], 8[2], 0[2], 24[3], 16[3], 8[3], 0[3], 
2: 24[3], 16[3], 8[3], 0[3], 
-2: 24[0], 16[0], 8[0], 0[0], 24[1], 16[1], 8[1], 0[1], 24[2], 16[2], 8[2], 0[2], 24[3], 16[3], 8[3], 0[3], 
-3: 24[0], 16[0], 8[0], 0[0], 24[1], 16[1], 8[1], 0[1], 24[2], 16[2], 8[2], 0[2], 24[3], 16[3], 8[3], 0[3], 
-4: 24[0], 16[0], 8[0], 0[0], 24[1], 16[1], 8[1], 0[1], 24[2], 16[2], 8[2], 0[2], 24[3], 16[3], 8[3], 0[3], 
-5: 24[0], 16[0], 8[0], 0[0], 24[1], 16[1], 8[1], 0[1], 24[2], 16[2], 8[2], 0[2], 24[3], 16[3], 8[3], 0[3], 
-6: 24[0], 16[0], 8[0], 0[0], 24[1], 16[1], 8[1], 0[1], 24[2], 16[2], 8[2], 0[2], 
-7: 24[0], 16[0], 8[0], 0[0], 24[1], 16[1], 8[1], 0[1], 
-8: 24[0], 16[0], 8[0], 0[0], 

##########################################################

45
Block 0
-1: 26[0], 20[0], 14[0], 8[0], 2[0], 28[1], 22[1], 16[1], 10[1], 4[1], 30[2], 24[2], 18[2], 12[2], 6[2], 0[2], 26[3], 20[3], 14[3], 8[3], 2[3], 
0: 26[1], 20[1], 14[1], 8[1], 2[1], 28[2], 22[2], 16[2], 10[2], 4[2], 30[3], 24[3], 18[3], 12[3], 6[3], 0[3], 
1: 26[2], 20[2], 14[2], 8[2], 2[2], 28[3], 22[3], 16[3], 10[3], 4[3], 
2: 26[3], 20[3], 14[3], 8[3], 2[3], 
-2: 28[0], 22[0], 16[0], 10[0], 4[0], 30[1], 24[1], 18[1], 12[1], 6[1], 0[1], 26[2], 20[2], 14[2], 8[2], 2[2], 28[3], 22[3], 16[3], 10[3], 4[3], 
-3: 30[0], 24[0], 18[0], 12[0], 6[0], 0[0], 26[1], 20[1], 14[1], 8[1], 2[1], 28[2], 22[2], 16[2], 10[2], 4[2], 30[3], 24[3], 18[3], 12[3], 6[3], 0[3], 
-4: 26[0], 20[0], 14[0], 8[0], 2[0], 28[1], 22[1], 16[1], 10[1], 4[1], 30[2], 24[2], 18[2], 12[2], 6[2], 0[2], 
-5: 28[0], 22[0], 16[0], 10[0], 4[0], 30[1], 24[1], 18[1], 12[1], 6[1], 0[1], 
-6: 30[0], 24[0], 18[0], 12[0], 6[0], 0[0], 

##########################################################

46
Block 0
-1: 28[0], 24[0], 20[0], 16[0], 12[0], 8[0], 4[0], 0[0], 28[1], 24[1], 20[1], 16[1], 12[1], 8[1], 4[1], 0[1], 28[2], 24[2], 20[2], 16[2], 12[2], 8[2], 4[2], 0[2], 28[3], 24[3], 20[3], 16[3], 12[3], 8[3], 4[3], 0[3], 
0: 28[1], 24[1], 20[1], 16[1], 12[1], 8[1], 4[1], 0[1], 28[2], 24[2], 20[2], 16[2], 12[2], 8[2], 4[2], 0[2], 28[3], 24[3], 20[3], 16[3], 12[3], 8[3], 4[3], 0[3], 
1: 28[2], 24[2], 20[2], 16[2], 12[2], 8[2], 4[2], 0[2], 28[3], 24[3], 20[3], 16[3], 12[3], 8[3], 4[3], 0[3], 
2: 28[3], 24[3], 20[3], 16[3], 12[3], 8[3], 4[3], 0[3], 
-2: 28[0], 24[0], 20[0], 16[0], 12[0], 8[0], 4[0], 0[0], 28[1], 24[1], 20[1], 16[1], 12[1], 8[1], 4[1], 0[1], 28[2], 24[2], 20[2], 16[2], 12[2], 8[2], 4[2], 0[2], 
-3: 28[0], 24[0], 20[0], 16[0], 12[0], 8[0], 4[0], 0[0], 28[1], 24[1], 20[1], 16[1], 12[1], 8[1], 4[1], 0[1], 
-4: 28[0], 24[0], 20[0], 16[0], 12[0], 8[0], 4[0], 0[0], 

##########################################################

47
Block 0
-1: 29[0], 26[0], 23[0], 20[0], 17[0], 14[0], 11[0], 8[0], 5[0], 2[0], 31[1], 28[1], 25[1], 22[1], 19[1], 16[1], 13[1], 10[1], 7[1], 4[1], 1[1], 30[2], 27[2], 24[2], 21[2], 18[2], 15[2], 12[2], 9[2], 6[2], 3[2], 0[2], 
0: 29[1], 26[1], 23[1], 20[1], 17[1], 14[1], 11[1], 8[1], 5[1], 2[1], 31[2], 28[2], 25[2], 22[2], 19[2], 16[2], 13[2], 10[2], 7[2], 4[2], 1[2], 30[3], 27[3], 24[3], 21[3], 18[3], 15[3], 12[3], 9[3], 6[3], 3[3], 0[3], 
1: 29[2], 26[2], 23[2], 20[2], 17[2], 14[2], 11[2], 8[2], 5[2], 2[2], 31[3], 28[3], 25[3], 22[3], 19[3], 16[3], 13[3], 10[3], 7[3], 4[3], 1[3], 
2: 29[3], 26[3], 23[3], 20[3], 17[3], 14[3], 11[3], 8[3], 5[3], 2[3], 
-2: 31[0], 28[0], 25[0], 22[0], 19[0], 16[0], 13[0], 10[0], 7[0], 4[0], 1[0], 30[1], 27[1], 24[1], 21[1], 18[1], 15[1], 12[1], 9[1], 6[1], 3[1], 0[1], 
-3: 30[0], 27[0], 24[0], 21[0], 18[0], 15[0], 12[0], 9[0], 6[0], 3[0], 0[0], 

##########################################################

48
Block 0
-1: 30[0], 28[0], 26[0], 24[0], 22[0], 20[0], 18[0], 16[0], 14[0], 12[0], 10[0], 8[0], 6[0], 4[0], 2[0], 0[0], 30[1], 28[1], 26[1], 24[1], 22[1], 20[1], 18[1], 16[1], 14[1], 12[1], 10[1], 8[1], 6[1], 4[1], 2[1], 0[1], 
0: 30[1], 28[1], 26[1], 24[1], 22[1], 20[1], 18[1], 16[1], 14[1], 12[1], 10[1], 8[1], 6[1], 4[1], 2[1], 0[1], 30[2], 28[2], 26[2], 24[2], 22[2], 20[2], 18[2], 16[2], 14[2], 12[2], 10[2], 8[2], 6[2], 4[2], 2[2], 0[2], 
1: 30[2], 28[2], 26[2], 24[2], 22[2], 20[2], 18[2], 16[2], 14[2], 12[2], 10[2], 8[2], 6[2], 4[2], 2[2], 0[2], 30[3], 28[3], 26[3], 24[3], 22[3], 20[3], 18[3], 16[3], 14[3], 12[3], 10[3], 8[3], 6[3], 4[3], 2[3], 0[3], 
2: 30[3], 28[3], 26[3], 24[3], 22[3], 20[3], 18[3], 16[3], 14[3], 12[3], 10[3], 8[3], 6[3], 4[3], 2[3], 0[3], 
-2: 30[0], 28[0], 26[0], 24[0], 22[0], 20[0], 18[0], 16[0], 14[0], 12[0], 10[0], 8[0], 6[0], 4[0], 2[0], 0[0], 

##########################################################

49
Block 0
-1: 31[0], 30[0], 29[0], 28[0], 27[0], 26[0], 25[0], 24[0], 23[0], 22[0], 21[0], 20[0], 19[0], 18[0], 17[0], 16[0], 15[0], 14[0], 13[0], 12[0], 11[0], 10[0], 9[0], 8[0], 7[0], 6[0], 5[0], 4[0], 3[0], 2[0], 1[0], 0[0], 
0: 31[1], 30[1], 29[1], 28[1], 27[1], 26[1], 25[1], 24[1], 23[1], 22[1], 21[1], 20[1], 19[1], 18[1], 17[1], 16[1], 15[1], 14[1], 13[1], 12[1], 11[1], 10[1], 9[1], 8[1], 7[1], 6[1], 5[1], 4[1], 3[1], 2[1], 1[1], 0[1], 
1: 31[2], 30[2], 29[2], 28[2], 27[2], 26[2], 25[2], 24[2], 23[2], 22[2], 21[2], 20[2], 19[2], 18[2], 17[2], 16[2], 15[2], 14[2], 13[2], 12[2], 11[2], 10[2], 9[2], 8[2], 7[2], 6[2], 5[2], 4[2], 3[2], 2[2], 1[2], 0[2], 
2: 31[3], 30[3], 29[3], 28[3], 27[3], 26[3], 25[3], 24[3], 23[3], 22[3], 21[3], 20[3], 19[3], 18[3], 17[3], 16[3], 15[3], 14[3], 13[3], 12[3], 11[3], 10[3], 9[3], 8[3], 7[3], 6[3], 5[3], 4[3], 3[3], 2[3], 1[3], 0[3], 

##########################################################

50
Block 0
0: 0[0], 0[0], 0[0], 0[0], 0[0], 0[0], 0[0], 0[0], 0[0], 0[0], 0[0], 0[0], 0[0], 0[0], 0[0], 0[0], 0[0], 0[0], 0[0], 0[0], 0[0], 0[0], 0[0], 0[0], 0[0], 0[0], 0[0], 0[0], 0[0], 0[0], 0[0], 0[0], 
1: 0[1], 0[1], 0[1], 0[1], 0[1], 0[1], 0[1], 0[1], 0[1], 0[1], 0[1], 0[1], 0[1], 0[1], 0[1], 0[1], 0[1], 0[1], 0[1], 0[1], 0[1], 0[1], 0[1], 0[1], 0[1], 0[1], 0[1], 0[1], 0[1], 0[1], 0[1], 0[1], 
2: 0[2], 0[2], 0[2], 0[2], 0[2], 0[2], 0[2], 0[2], 0[2], 0[2], 0[2], 0[2], 0[2], 0[2], 0[2], 0[2], 0[2], 0[2], 0[2], 0[2], 0[2], 0[2], 0[2], 0[2], 0[2], 0[2], 0[2], 0[2], 0[2], 0[2], 0[2], 0[2], 
3: 0[3], 0[3], 0[3], 0[3], 0[3], 0[3], 0[3], 0[3], 0[3], 0[3], 0[3], 0[3], 0[3], 0[3], 0[3], 0[3], 0[3], 0[3], 0[3], 0[3], 0[3], 0[3], 0[3], 0[3], 0[3], 0[3], 0[3], 0[3], 0[3], 0[3], 0[3], 0[3], 

##########################################################

51
Block 0
0: 1[0], 2[0], 3[0], 4[0], 5[0], 6[0], 7[0], 8[0], 9[0], 10[0], 11[0], 12[0], 13[0], 14[0], 15[0], 16[0], 17[0], 18[0], 19[0], 20[0], 21[0], 22[0], 23[0], 24[0], 25[0], 26[0], 27[0], 28[0], 29[0], 30[0], 31[0], 
1: 1[1], 2[1], 3[1], 4[1], 5[1], 6[1], 7[1], 8[1], 9[1], 10[1], 11[1], 12[1], 13[1], 14[1], 15[1], 16[1], 17[1], 18[1], 19[1], 20[1], 21[1], 22[1], 23[1], 24[1], 25[1], 26[1], 27[1], 28[1], 29[1], 30[1], 31[1], 0[0], 
2: 1[2], 2[2], 3[2], 4[2], 5[2], 6[2], 7[2], 8[2], 9[2], 10[2], 11[2], 12[2], 13[2], 14[2], 15[2], 16[2], 17[2], 18[2], 19[2], 20[2], 21[2], 22[2], 23[2], 24[2], 25[2], 26[2], 27[2], 28[2], 29[2], 30[2], 31[2], 0[1], 
3: 1[3], 2[3], 3[3], 4[3], 5[3], 6[3], 7[3], 8[3], 9[3], 10[3], 11[3], 12[3], 13[3], 14[3], 15[3], 16[3], 17[3], 18[3], 19[3], 20[3], 21[3], 22[3], 23[3], 24[3], 25[3], 26[3], 27[3], 28[3], 29[3], 30[3], 31[3], 0[2], 
4: 0[3], 

##########################################################

52
Block 0
0: 2[0], 4[0], 6[0], 8[0], 10[0], 12[0], 14[0], 16[0], 18[0], 20[0], 22[0], 24[0], 26[0], 28[0], 30[0], 
1: 2[1], 4[1], 6[1], 8[1], 10[1], 12[1], 14[1], 16[1], 18[1], 20[1], 22[1], 24[1], 26[1], 28[1], 30[1], 0[0], 2[0], 4[0], 6[0], 8[0], 10[0], 12[0], 14[0], 16[0], 18[0], 20[0], 22[0], 24[0], 26[0], 28[0], 30[0], 
2: 2[2], 4[2], 6[2], 8[2], 10[2], 12[2], 14[2], 16[2], 18[2], 20[2], 22[2], 24[2], 26[2], 28[2], 30[2], 0[1], 2[1], 4[1], 6[1], 8[1], 10[1], 12[1], 14[1], 16[1], 18[1], 20[1], 22[1], 24[1], 26[1], 28[1], 30[1], 0[0], 
3: 2[3], 4[3], 6[3], 8[3], 10[3], 12[3], 14[3], 16[3], 18[3], 20[3], 22[3], 24[3], 26[3], 28[3], 30[3], 0[2], 2[2], 4[2], 6[2], 8[2], 10[2], 12[2], 14[2], 16[2], 18[2], 20[2], 22[2], 24[2], 26[2], 28[2], 30[2], 0[1], 
4: 0[3], 2[3], 4[3], 6[3], 8[3], 10[3], 12[3], 14[3], 16[3], 18[3], 20[3], 22[3], 24[3], 26[3], 28[3], 30[3], 0[2], 
5: 0[3], 

##########################################################

53
Block 0
0: 3[0], 6[0], 9[0], 12[0], 15[0], 18[0], 21[0], 24[0], 27[0], 30[0], 
1: 3[1], 6[1], 9[1], 12[1], 15[1], 18[1], 21[1], 24[1], 27[1], 30[1], 1[0], 4[0], 7[0], 10[0], 13[0], 16[0], 19[0], 22[0], 25[0], 28[0], 31[0], 
2: 3[2], 6[2], 9[2], 12[2], 15[2], 18[2], 21[2], 24[2], 27[2], 30[2], 1[1], 4[1], 7[1], 10[1], 13[1], 16[1], 19[1], 22[1], 25[1], 28[1], 31[1], 2[0], 5[0], 8[0], 11[0], 14[0], 17[0], 20[0], 23[0], 26[0], 29[0], 
3: 3[3], 6[3], 9[3], 12[3], 15[3], 18[3], 21[3], 24[3], 27[3], 30[3], 1[2], 4[2], 7[2], 10[2], 13[2], 16[2], 19[2], 22[2], 25[2], 28[2], 31[2], 2[1], 5[1], 8[1], 11[1], 14[1], 17[1], 20[1], 23[1], 26[1], 29[1], 0[0], 
4: 1[3], 4[3], 7[3], 10[3], 13[3], 16[3], 19[3], 22[3], 25[3], 28[3], 31[3], 2[2], 5[2], 8[2], 11[2], 14[2], 17[2], 20[2], 23[2], 26[2], 29[2], 0[1], 
5: 2[3], 5[3], 8[3], 11[3], 14[3], 17[3], 20[3], 23[3], 26[3], 29[3], 0[2], 
6: 0[3], 

##########################################################

54
Block 0
0: 4[0], 8[0], 12[0], 16[0], 20[0], 24[0], 28[0], 
1: 4[1], 8[1], 12[1], 16[1], 20[1], 24[1], 28[1], 0[0], 4[0], 8[0], 12[0], 16[0], 20[0], 24[0], 28[0], 
2: 4[2], 8[2], 12[2], 16[2], 20[2], 24[2], 28[2], 0[1], 4[1], 8[1], 12[1], 16[1], 20[1], 24[1], 28[1], 0[0], 4[0], 8[0], 12[0], 16[0], 20[0], 24[0], 28[0], 
3: 4[3], 8[3], 12[3], 16[3], 20[3], 24[3], 28[3], 0[2], 4[2], 8[2], 12[2], 16[2], 20[2], 24[2], 28[2], 0[1], 4[1], 8[1], 12[1], 16[1], 20[1], 24[1], 28[1], 0[0], 4[0], 8[0], 12[0], 16[0], 20[0], 24[0], 28[0], 
4: 0[3], 4[3], 8[3], 12[3], 16[3], 20[3], 24[3], 28[3], 0[2], 4[2], 8[2], 12[2], 16[2], 20[2], 24[2], 28[2], 0[1], 4[1], 8[1], 12[1], 16[1], 20[1], 24[1], 28[1], 0[0], 
5: 0[3], 4[3], 8[3], 12[3], 16[3], 20[3], 24[3], 28[3], 0[2], 4[2], 8[2], 12[2], 16[2], 20[2], 24[2], 28[2], 0[1], 
6: 0[3], 4[3], 8[3], 12[3], 16[3], 20[3], 24[3], 28[3], 0[2], 
7: 0[3], 

##########################################################

55
Block 0
0: 6[0], 12[0], 18[0], 24[0], 30[0], 
1: 6[1], 12[1], 18[1], 24[1], 30[1], 4[0], 10[0], 16[0], 22[0], 28[0], 
2: 6[2], 12[2], 18[2], 24[2], 30[2], 4[1], 10[1], 16[1], 22[1], 28[1], 2[0], 8[0], 14[0], 20[0], 26[0], 
3: 6[3], 12[3], 18[3], 24[3], 30[3], 4[2], 10[2], 16[2], 22[2], 28[2], 2[1], 8[1], 14[1], 20[1], 26[1], 0[0], 6[0], 12[0], 18[0], 24[0], 30[0], 
4: 4[3], 10[3], 16[3], 22[3], 28[3], 2[2], 8[2], 14[2], 20[2], 26[2], 0[1], 6[1], 12[1], 18[1], 24[1], 30[1], 4[0], 10[0], 16[0], 22[0], 28[0], 
5: 2[3], 8[3], 14[3], 20[3], 26[3], 0[2], 6[2], 12[2], 18[2], 24[2], 30[2], 4[1], 10[1], 16[1], 22[1], 28[1], 2[0], 8[0], 14[0], 20[0], 26[0], 
6: 0[3], 6[3], 12[3], 18[3], 24[3], 30[3], 4[2], 10[2], 16[2], 22[2], 28[2], 2[1], 8[1], 14[1], 20[1], 26[1], 0[0], 
7: 4[3], 10[3], 16[3], 22[3], 28[3], 2[2], 8[2], 14[2], 20[2], 26[2], 0[1], 
8: 2[3], 8[3], 14[3], 20[3], 26[3], 0[2], 
9: 0[3], 

##########################################################

56
Block 0
0: 8[0], 16[0], 24[0], 
1: 8[1], 16[1], 24[1], 0[0], 8[0], 16[0], 24[0], 
2: 8[2], 16[2], 24[2], 0[1], 8[1], 16[1], 24[1], 0[0], 8[0], 16[0], 24[0], 
3: 8[3], 16[3], 24[3], 0[2], 8[2], 16[2], 24[2], 0[1], 8[1], 16[1], 24[1], 0[0], 8[0], 16[0], 24[0], 
4: 0[3], 8[3], 16[3], 24[3], 0[2], 8[2], 16[2], 24[2], 0[1], 8[1], 16[1], 24[1], 0[0], 8[0], 16[0], 24[0], 
5: 0[3], 8[3], 16[3], 24[3], 0[2], 8[2], 16[2], 24[2], 0[1], 8[1], 16[1], 24[1], 0[0], 8[0], 16[0], 24[0], 
6: 0[3], 8[3], 16[3], 24[3], 0[2], 8[2], 16[2], 24[2], 0[1], 8[1], 16[1], 24[1], 0[0], 8[0], 16[0], 24[0], 
7: 0[3], 8[3], 16[3], 24[3], 0[2], 8[2], 16[2], 24[2], 0[1], 8[1], 16[1], 24[1], 0[0], 8[0], 16[0], 24[0], 
8: 0[3], 8[3], 16[3], 24[3], 0[2], 8[2], 16[2], 24[2], 0[1], 8[1], 16[1], 24[1], 0[0], 
9: 0[3], 8[3], 16[3], 24[3], 0[2], 8[2], 16[2], 24[2], 0[1], 
10: 0[3], 8[3], 16[3], 24[3], 0[2], 
11: 0[3], 

##########################################################

57
Block 0
0: 10[0], 20[0], 30[0], 
1: 10[1], 20[1], 30[1], 8[0], 18[0], 28[0], 
2: 10[2], 20[2], 30[2], 8[1], 18[1], 28[1], 6[0], 16[0], 26[0], 
3: 10[3], 20[3], 30[3], 8[2], 18[2], 28[2], 6[1], 16[1], 26[1], 4[0], 14[0], 24[0], 
4: 8[3], 18[3], 28[3], 6[2], 16[2], 26[2], 4[1], 14[1], 24[1], 2[0], 12[0], 22[0], 
5: 6[3], 16[3], 26[3], 4[2], 14[2], 24[2], 2[1], 12[1], 22[1], 0[0], 10[0], 20[0], 30[0], 
6: 4[3], 14[3], 24[3], 2[2], 12[2], 22[2], 0[1], 10[1], 20[1], 30[1], 8[0], 18[0], 28[0], 
7: 2[3], 12[3], 22[3], 0[2], 10[2], 20[2], 30[2], 8[1], 18[1], 28[1], 6[0], 16[0], 26[0], 
8: 0[3], 10[3], 20[3], 30[3], 8[2], 18[2], 28[2], 6[1], 16[1], 26[1], 4[0], 14[0], 24[0], 
9: 8[3], 18[3], 28[3], 6[2], 16[2], 26[2], 4[1], 14[1], 24[1], 2[0], 12[0], 22[0], 
10: 6[3], 16[3], 26[3], 4[2], 14[2], 24[2], 2[1], 12[1], 22[1], 0[0], 
11: 4[3], 14[3], 24[3], 2[2], 12[2], 22[2], 0[1], 
12: 2[3], 12[3], 22[3], 0[2], 
13: 0[3], 

##########################################################

58
Block 0
0: 12[0], 24[0], 
1: 12[1], 24[1], 4[0], 16[0], 28[0], 
2: 12[2], 24[2], 4[1], 16[1], 28[1], 8[0], 20[0], 
3: 12[3], 24[3], 4[2], 16[2], 28[2], 8[1], 20[1], 0[0], 12[0], 24[0], 
4: 4[3], 16[3], 28[3], 8[2], 20[2], 0[1], 12[1], 24[1], 4[0], 16[0], 28[0], 
5: 8[3], 20[3], 0[2], 12[2], 24[2], 4[1], 16[1], 28[1], 8[0], 20[0], 
6: 0[3], 12[3], 24[3], 4[2], 16[2], 28[2], 8[1], 20[1], 0[0], 12[0], 24[0], 
7: 4[3], 16[3], 28[3], 8[2], 20[2], 0[1], 12[1], 24[1], 4[0], 16[0], 28[0], 
8: 8[3], 20[3], 0[2], 12[2], 24[2], 4[1], 16[1], 28[1], 8[0], 20[0], 
9: 0[3], 12[3], 24[3], 4[2], 16[2], 28[2], 8[1], 20[1], 0[0], 12[0], 24[0], 
10: 4[3], 16[3], 28[3], 8[2], 20[2], 0[1], 12[1], 24[1], 4[0], 16[0], 28[0], 
11: 8[3], 20[3], 0[2], 12[2], 24[2], 4[1], 16[1], 28[1], 8[0], 20[0], 
12: 0[3], 12[3], 24[3], 4[2], 16[2], 28[2], 8[1], 20[1], 0[0], 
13: 4[3], 16[3], 28[3], 8[2], 20[2], 0[1], 
14: 8[3], 20[3], 0[2], 
15: 0[3], 

##########################################################

59
Block 0
0: 14[0], 28[0], 
1: 14[1], 28[1], 10[0], 24[0], 
2: 14[2], 28[2], 10[1], 24[1], 6[0], 20[0], 
3: 14[3], 28[3], 10[2], 24[2], 6[1], 20[1], 2[0], 16[0], 30[0], 
4: 10[3], 24[3], 6[2], 20[2], 2[1], 16[1], 30[1], 12[0], 26[0], 
5: 6[3], 20[3], 2[2], 16[2], 30[2], 12[1], 26[1], 8[0], 22[0], 
6: 2[3], 16[3], 30[3], 12[2], 26[2], 8[1], 22[1], 4[0], 18[0], 
7: 12[3], 26[3], 8[2], 22[2], 4[1], 18[1], 0[0], 14[0], 28[0], 
8: 8[3], 22[3], 4[2], 18[2], 0[1], 14[1], 28[1], 10[0], 24[0], 
9: 4[3], 18[3], 0[2], 14[2], 28[2], 10[1], 24[1], 6[0], 20[0], 
10: 0[3], 14[3], 28[3], 10[2], 24[2], 6[1], 20[1], 2[0], 16[0], 30[0], 
11: 10[3], 24[3], 6[2], 20[2], 2[1], 16[1], 30[1], 12[0], 26[0], 
12: 6[3], 20[3], 2[2], 16[2], 30[2], 12[1], 26[1], 8[0], 22[0], 
13: 2[3], 16[3], 30[3], 12[2], 26[2], 8[1], 22[1], 4[0], 18[0], 
14: 12[3], 26[3], 8[2], 22[2], 4[1], 18[1], 0[0], 
15: 8[3], 22[3], 4[2], 18[2], 0[1], 
16: 4[3], 18[3], 0[2], 
17: 0[3], 

##########################################################

60
Block 0
0: 16[0], 
1: 16[1], 0[0], 16[0], 
2: 16[2], 0[1], 16[1], 0[0], 16[0], 
3: 16[3], 0[2], 16[2], 0[1], 16[1], 0[0], 16[0], 
4: 0[3], 16[3], 0[2], 16[2], 0[1], 16[1], 0[0], 16[0], 
5: 0[3], 16[3], 0[2], 16[2], 0[1], 16[1], 0[0], 16[0], 
6: 0[3], 16[3], 0[2], 16[2], 0[1], 16[1], 0[0], 16[0], 
7: 0[3], 16[3], 0[2], 16[2], 0[1], 16[1], 0[0], 16[0], 
8: 0[3], 16[3], 0[2], 16[2], 0[1], 16[1], 0[0], 16[0], 
9: 0[3], 16[3], 0[2], 16[2], 0[1], 16[1], 0[0], 16[0], 
10: 0[3], 16[3], 0[2], 16[2], 0[1], 16[1], 0[0], 16[0], 
11: 0[3], 16[3], 0[2], 16[2], 0[1], 16[1], 0[0], 16[0], 
12: 0[3], 16[3], 0[2], 16[2], 0[1], 16[1], 0[0], 16[0], 
13: 0[3], 16[3], 0[2], 16[2], 0[1], 16[1], 0[0], 16[0], 
14: 0[3], 16[3], 0[2], 16[2], 0[1], 16[1], 0[0], 16[0], 
15: 0[3], 16[3], 0[2], 16[2], 0[1], 16[1], 0[0], 16[0], 
16: 0[3], 16[3], 0[2], 16[2], 0[1], 16[1], 0[0], 
17: 0[3], 16[3], 0[2], 16[2], 0[1], 
18: 0[3], 16[3], 0[2], 
19: 0[3], 

##########################################################

61
Block 0
0: 18[0], 
1: 18[1], 4[0], 22[0], 
2: 18[2], 4[1], 22[1], 8[0], 26[0], 
3: 18[3], 4[2], 22[2], 8[1], 26[1], 12[0], 30[0], 
4: 4[3], 22[3], 8[2], 26[2], 12[1], 30[1], 16[0], 
5: 8[3], 26[3], 12[2], 30[2], 16[1], 2[0], 20[0], 
6: 12[3], 30[3], 16[2], 2[1], 20[1], 6[0], 24[0], 
7: 16[3], 2[2], 20[2], 6[1], 24[1], 10[0], 28[0], 
8: 2[3], 20[3], 6[2], 24[2], 10[1], 28[1], 14[0], 
9: 6[3], 24[3], 10[2], 28[2], 14[1], 0[0], 18[0], 
10: 10[3], 28[3], 14[2], 0[1], 18[1], 4[0], 22[0], 
11: 14[3], 0[2], 18[2], 4[1], 22[1], 8[0], 26[0], 
12: 0[3], 18[3], 4[2], 22[2], 8[1], 26[1], 12[0], 30[0], 
13: 4[3], 22[3], 8[2], 26[2], 12[1], 30[1], 16[0], 
14: 8[3], 26[3], 12[2], 30[2], 16[1], 2[0], 20[0], 
15: 12[3], 30[3], 16[2], 2[1], 20[1], 6[0], 24[0], 
16: 16[3], 2[2], 20[2], 6[1], 24[1], 10[0], 28[0], 
17: 2[3], 20[3], 6[2], 24[2], 10[1], 28[1], 14[0], 
18: 6[3], 24[3], 10[2], 28[2], 14[1], 0[0], 
19: 10[3], 28[3], 14[2], 0[1], 
20: 14[3], 0[2], 
21: 0[3], 

##########################################################

62
Block 0
0: 20[0], 
1: 20[1], 8[0], 28[0], 
2: 20[2], 8[1], 28[1], 16[0], 
3: 20[3], 8[2], 28[2], 16[1], 4[0], 24[0], 
4: 8[3], 28[3], 16[2], 4[1], 24[1], 12[0], 
5: 16[3], 4[2], 24[2], 12[1], 0[0], 20[0], 
6: 4[3], 24[3], 12[2], 0[1], 20[1], 8[0], 28[0], 
7: 12[3], 0[2], 20[2], 8[1], 28[1], 16[0], 
8: 0[3], 20[3], 8[2], 28[2], 16[1], 4[0], 24[0], 
9: 8[3], 28[3], 16[2], 4[1], 24[1], 12[0], 
10: 16[3], 4[2], 24[2], 12[1], 0[0], 20[0], 
11: 4[3], 24[3], 12[2], 0[1], 20[1], 8[0], 28[0], 
12: 12[3], 0[2], 20[2], 8[1], 28[1], 16[0], 
13: 0[3], 20[3], 8[2], 28[2], 16[1], 4[0], 24[0], 
14: 8[3], 28[3], 16[2], 4[1], 24[1], 12[0], 
15: 16[3], 4[2], 24[2], 12[1], 0[0], 20[0], 
16: 4[3], 24[3], 12[2], 0[1], 20[1], 8[0], 28[0], 
17: 12[3], 0[2], 20[2], 8[1], 28[1], 16[0], 
18: 0[3], 20[3], 8[2], 28[2], 16[1], 4[0], 24[0], 
19: 8[3], 28[3], 16[2], 4[1], 24[1], 12[0], 
20: 16[3], 4[2], 24[2], 12[1], 0[0], 
21: 4[3], 24[3], 12[2], 0[1], 
22: 12[3], 0[2], 
23: 0[3], 

##########################################################

63
Block 0
0: 23[0], 
1: 23[1], 14[0], 
2: 23[2], 14[1], 5[0], 28[0], 
3: 23[3], 14[2], 5[1], 28[1], 19[0], 
4: 14[3], 5[2], 28[2], 19[1], 10[0], 
5: 5[3], 28[3], 19[2], 10[1], 1[0], 24[0], 
6: 19[3], 10[2], 1[1], 24[1], 15[0], 
7: 10[3], 1[2], 24[2], 15[1], 6[0], 29[0], 
8: 1[3], 24[3], 15[2], 6[1], 29[1], 20[0], 
9: 15[3], 6[2], 29[2], 20[1], 11[0], 
10: 6[3], 29[3], 20[2], 11[1], 2[0], 25[0], 
11: 20[3], 11[2], 2[1], 25[1], 16[0], 
12: 11[3], 2[2], 25[2], 16[1], 7[0], 30[0], 
13: 2[3], 25[3], 16[2], 7[1], 30[1], 21[0], 
14: 16[3], 7[2], 30[2], 21[1], 12[0], 
15: 7[3], 30[3], 21[2], 12[1], 3[0], 26[0], 
16: 21[3], 12[2], 3[1], 26[1], 17[0], 
17: 12[3], 3[2], 26[2], 17[1], 8[0], 31[0], 
18: 3[3], 26[3], 17[2], 8[1], 31[1], 22[0], 
19: 17[3], 8[2], 31[2], 22[1], 13[0], 
20: 8[3], 31[3], 22[2], 13[1], 4[0], 27[0], 
21: 22[3], 13[2], 4[1], 27[1], 18[0], 
22: 13[3], 4[2], 27[2], 18[1], 9[0], 
23: 4[3], 27[3], 18[2], 9[1], 0[0], 
24: 18[3], 9[2], 0[1], 
25: 9[3], 0[2], 
26: 0[3], 

##########################################################

64
Block 0
0: 26[0], 
1: 26[1], 20[0], 
2: 26[2], 20[1], 14[0], 
3: 26[3], 20[2], 14[1], 8[0], 
4: 20[3], 14[2], 8[1], 2[0], 28[0], 
5: 14[3], 8[2], 2[1], 28[1], 22[0], 
6: 8[3], 2[2], 28[2], 22[1], 16[0], 
7: 2[3], 28[3], 22[2], 16[1], 10[0], 
8: 22[3], 16[2], 10[1], 4[0], 30[0], 
9: 16[3], 10[2], 4[1], 30[1], 24[0], 
10: 10[3], 4[2], 30[2], 24[1], 18[0], 
11: 4[3], 30[3], 24[2], 18[1], 12[0], 
12: 24[3], 18[2], 12[1], 6[0], 
13: 18[3], 12[2], 6[1], 0[0], 26[0], 
14: 12[3], 6[2], 0[1], 26[1], 20[0], 
15: 6[3], 0[2], 26[2], 20[1], 14[0], 
16: 0[3], 26[3], 20[2], 14[1], 8[0], 
17: 20[3], 14[2], 8[1], 2[0], 28[0], 
18: 14[3], 8[2], 2[1], 28[1], 22[0], 
19: 8[3], 2[2], 28[2], 22[1], 16[0], 
20: 2[3], 28[3], 22[2], 16[1], 10[0], 
21: 22[3], 16[2], 10[1], 4[0], 30[0], 
22: 16[3], 10[2], 4[1], 30[1], 24[0], 
23: 10[3], 4[2], 30[2], 24[1], 18[0], 
24: 4[3], 30[3], 24[2], 18[1], 12[0], 
25: 24[3], 18[2], 12[1], 6[0], 
26: 18[3], 12[2], 6[1], 0[0], 
27: 12[3], 6[2], 0[1], 
28: 6[3], 0[2], 
29: 0[3], 

##########################################################

65
Block 0
0: 29[0], 
1: 29[1], 26[0], 
2: 29[2], 26[1], 23[0], 
3: 29[3], 26[2], 23[1], 20[0], 
4: 26[3], 23[2], 20[1], 17[0], 
5: 23[3], 20[2], 17[1], 14[0], 
6: 20[3], 17[2], 14[1], 11[0], 
7: 17[3], 14[2], 11[1], 8[0], 
8: 14[3], 11[2], 8[1], 5[0], 
9: 11[3], 8[2], 5[1], 2[0], 31[0], 
10: 8[3], 5[2], 2[1], 31[1], 28[0], 
11: 5[3], 2[2], 31[2], 28[1], 25[0], 
12: 2[3], 31[3], 28[2], 25[1], 22[0], 
13: 28[3], 25[2], 22[1], 19[0], 
14: 25[3], 22[2], 19[1], 16[0], 
15: 22[3], 19[2], 16[1], 13[0], 
16: 19[3], 16[2], 13[1], 10[0], 
17: 16[3], 13[2], 10[1], 7[0], 
18: 13[3], 10[2], 7[1], 4[0], 
19: 10[3], 7[2], 4[1], 1[0], 30[0], 
20: 7[3], 4[2], 1[1], 30[1], 27[0], 
21: 4[3], 1[2], 30[2], 27[1], 24[0], 
22: 1[3], 30[3], 27[2], 24[1], 21[0], 
23: 27[3], 24[2], 21[1], 18[0], 
24: 24[3], 21[2], 18[1], 15[0], 
25: 21[3], 18[2], 15[1], 12[0], 
26: 18[3], 15[2], 12[1], 9[0], 
27: 15[3], 12[2], 9[1], 6[0], 
28: 12[3], 9[2], 6[1], 3[0], 
29: 9[3], 6[2], 3[1], 0[0], 
30: 6[3], 3[2], 0[1], 
31: 3[3], 0[2], 
32: 0[3], 

##########################################################

66
Block 0
1: 0[0], 
2: 0[1], 0[0], 
3: 0[2], 0[1], 0[0], 
4: 0[3], 0[2], 0[1], 0[0], 
5: 0[3], 0[2], 0[1], 0[0], 
6: 0[3], 0[2], 0[1], 0[0], 
7: 0[3], 0[2], 0[1], 0[0], 
8: 0[3], 0[2], 0[1], 0[0], 
9: 0[3], 0[2], 0[1], 0[0], 
10: 0[3], 0[2], 0[1], 0[0], 
11: 0[3], 0[2], 0[1], 0[0], 
12: 0[3], 0[2], 0[1], 0[0], 
13: 0[3], 0[2], 0[1], 0[0], 
14: 0[3], 0[2], 0[1], 0[0], 
15: 0[3], 0[2], 0[1], 0[0], 
16: 0[3], 0[2], 0[1], 0[0], 
17: 0[3], 0[2], 0[1], 0[0], 
18: 0[3], 0[2], 0[1], 0[0], 
19: 0[3], 0[2], 0[1], 0[0], 
20: 0[3], 0[2], 0[1], 0[0], 
21: 0[3], 0[2], 0[1], 0[0], 
22: 0[3], 0[2], 0[1], 0[0], 
23: 0[3], 0[2], 0[1], 0[0], 
24: 0[3], 0[2], 0[1], 0[0], 
25: 0[3], 0[2], 0[1], 0[0], 
26: 0[3], 0[2], 0[1], 0[0], 
27: 0[3], 0[2], 0[1], 0[0], 
28: 0[3], 0[2], 0[1], 0[0], 
29: 0[3], 0[2], 0[1], 0[0], 
30: 0[3], 0[2], 0[1], 0[0], 
31: 0[3], 0[2], 0[1], 0[0], 
32: 0[3], 0[2], 0[1], 0[0], 
33: 0[3], 0[2], 0[1], 
34: 0[3], 0[2], 
35: 0[3], 

