##########################################################

34
Block 0
-1: 0, 64, 
0: 64, 0, 
1: 0, 64, 
2: 0, 64, 
-2: 0, 64, 
-3: 0, 64, 
-4: 0, 64, 
-5: 0, 64, 
-6: 0, 64, 
-7: 0, 64, 
-8: 0, 64, 
-9: 0, 64, 
-10: 0, 64, 
-11: 0, 64, 
-12: 0, 64, 
-13: 0, 64, 
-14: 0, 64, 
-15: 0, 64, 
-16: 0, 
3: 0, 64, 
4: 0, 
5: 0, 

##########################################################

35
Block 0
-1: -2, 56, 18, -4, 53, 28, -5, 46, 33, -6, 39, 42, 
0: 60, 14, -2, 56, 18, -4, 53, 28, -5, 46, 33, 
1: 7, -2, 60, 14, 56, 18, -4, 53, 28, 
2: -1, 7, -2, 60, 14, 56, 18, -4, 
-2: -4, 53, 28, -5, 46, 33, -6, 39, 42, 30, 49, 
-3: -5, 46, 33, -4, -6, 39, 42, 30, 49, 24, 54, -3, 
-4: -6, 39, 42, -4, 30, 49, 24, 54, -3, 16, 57, -2, 0, 
-5: -4, 30, 49, 24, 54, -3, 16, 57, -2, 0, 12, 62, 2, 
-6: -4, 24, 54, -3, 16, 57, -2, 0, 12, 62, 2, 4, 63, 10, 
-7: -3, 16, 57, -2, 0, 12, 62, 2, 4, 63, 10, -1, 58, 15, 
-8: -2, 12, 62, 2, 4, 63, 10, 0, -1, 58, 15, 55, 20, -4, 
-9: -2, 4, 63, 10, 0, -1, 58, 15, 55, 20, -4, 52, 29, 
-10: 0, -1, 58, 15, -2, 55, 20, -4, 52, 29, -6, 44, 36, 
-11: -2, 55, 20, -4, 52, 29, -6, 44, 36, -5, 
-12: -4, 52, 29, -6, 44, 36, -5, 
-13: -6, 44, 36, -5, -4, 
-14: -5, 36, -4, 
-15: -4, 
3: -1, 7, -2, 60, 14, 
4: -1, 7, -2, 
5: -1, 

Block 1
-1: -4, 20, 55, -2, 15, 58, -1, 0, 10, 63, 4, 2, 62, 12, 
0: 29, 52, -4, 20, 55, -2, 15, 58, -1, 0, 10, 63, 4, 
1: 44, -6, 29, 52, -4, 20, 55, -2, 15, 58, -1, 0, 
2: -5, 44, -6, 29, 52, -4, 20, 55, -2, 
-2: -2, 15, 58, -1, 0, 10, 63, 4, 2, 62, 12, 57, 16, -3, 
-3: -2, 10, 63, 4, 2, 62, 12, 0, 57, 16, -3, 54, 24, -4, 
-4: -2, 2, 62, 12, 0, 57, 16, -3, 54, 24, -4, 49, 30, 
-5: 0, -2, 57, 16, -3, 54, 24, -4, 49, 30, -6, 42, 39, 
-6: -3, 54, 24, -4, 49, 30, -6, 42, 39, 33, 46, -5, 
-7: -4, 49, 30, -6, 42, 39, 33, 46, -5, 28, 53, 
-8: -6, 42, 39, -4, 33, 46, -5, 28, 53, 18, 56, -2, 0, 
-9: -4, 33, 46, -5, 28, 53, 18, 56, -2, 0, 14, 60, 
-10: -4, 28, 53, 18, 56, -2, 0, 14, 60, 7, 64, 
-11: -4, 18, 56, -2, 0, 14, 60, 7, 64, -1, 
-12: -2, 14, 60, 0, 7, 64, -1, 
-13: -2, 7, 64, -1, 0, 
-14: -1, 0, 
3: -5, 44, -6, 29, 52, -4, 
4: -5, 44, -6, 
5: -5, 

##########################################################

36
Block 0
-1: -4, 46, 42, -6, 30, 54, -2, 16, 62, 10, 4, 58, 20, 
0: 56, 28, -4, 46, 42, -6, 30, 54, -2, 16, 62, 10, 
1: 14, -4, 56, 28, 46, 42, -6, 30, 54, -2, 
2: -2, 14, -4, 56, 28, 46, 42, 
-2: -6, 30, 54, -2, -4, 16, 62, 10, 4, 58, 20, 0, 52, 36, 
-3: -4, 16, 62, 10, -2, 4, 58, 20, 0, 52, 36, -6, 
-4: -2, 4, 58, 20, -4, 0, 52, 36, -6, 
-5: 0, -2, 52, 36, -6, -4, 20, 58, 4, 10, 62, 16, 
-6: -6, 36, 52, -2, 0, -4, 20, 58, 4, 10, 62, 16, 54, 30, 
-7: -4, 20, 58, 4, -2, 10, 62, 16, 54, 30, -6, 42, 46, 0, 
-8: -2, 10, 62, 16, -4, 54, 30, -6, 42, 46, 0, 28, 56, 
-9: -2, 54, 30, -6, -4, 42, 46, 0, 28, 56, 14, 64, 
-10: -4, 42, 46, 0, 28, 56, 14, 64, -2, 
-11: -4, 28, 56, 0, 14, 64, -2, 
-12: -4, 14, 64, -2, 0, 
-13: -2, 0, 
3: -2, 14, -4, 56, 28, 
4: -2, 14, -4, 
5: -2, 

##########################################################

37
Block 0
-1: -5, 30, 57, 10, -4, 12, 58, 29, -6, -2, 44, 52, -1, 20, 63, 16, 
0: 53, 42, -3, -2, -5, 30, 57, 10, -4, 12, 58, 29, -6, 44, 52, -1, 
1: 18, -4, 53, 42, -3, -2, -5, 30, 57, 10, 12, 58, 29, -6, 
2: -2, 18, -4, 53, 42, -3, -5, 30, 57, 10, 
-2: -4, 12, 58, 29, -6, -2, 44, 52, -1, -5, 20, 63, 16, 2, 54, 39, 
-3: -2, 44, 52, -1, -5, 20, 63, 16, -4, 2, 54, 39, 0, 33, 56, 7, 
-4: -5, 20, 63, 16, -4, -2, 2, 54, 39, -1, 0, 33, 56, 7, 14, 60, 28, -6, 
-5: -2, 2, 54, 39, -4, -1, 0, 33, 56, 7, 14, 60, 28, -6, 46, 49, 
-6: 0, -4, 33, 56, 7, 14, 60, 28, -6, -2, 46, 49, 24, 62, 15, 
-7: -4, 14, 60, 28, -6, -2, 46, 49, 24, 62, 15, -3, 4, 55, 36, 
-8: -2, 46, 49, -6, 24, 62, 15, -4, -3, 4, 55, 36, 0, 
-9: -6, 24, 62, 15, -4, -3, 4, 55, 36, 0, 
-10: -3, 4, 55, 36, 0, -4, 
-11: 0, -4, 36, 
-12: -4, 
3: -2, 18, -4, 53, 42, -3, 
4: -2, 18, -4, 
5: -2, 

Block 1
-1: -2, 49, 46, -6, 28, 60, 14, -4, 7, 56, 33, 0, -1, 39, 54, 2, 
0: 15, 62, 24, -6, -2, 49, 46, 28, 60, 14, -4, 7, 56, 33, 0, 
1: 55, 4, -3, 15, 62, 24, -6, -2, 49, 46, 28, 60, 14, -4, 
2: -4, 0, 55, 4, -3, 15, 62, 24, -6, -2, 49, 46, 
-2: -6, 28, 60, 14, -4, 7, 56, 33, 0, -1, 39, 54, 2, -2, 16, 63, 20, -5, 
-3: -4, 7, 56, 33, 0, -1, 39, 54, 2, -2, 16, 63, 20, -5, 52, 44, 
-4: -1, -4, 39, 54, 2, -2, 16, 63, 20, -5, 52, 44, -6, 29, 58, 12, 
-5: -4, 16, 63, 20, -5, -2, -1, 52, 44, -6, 29, 58, 12, 10, 57, 30, 0, 
-6: -2, -1, 52, 44, -6, 29, 58, 12, -4, 10, 57, 30, -5, 0, -3, 42, 53, 
-7: -6, 29, 58, 12, -4, 10, 57, 30, -5, 0, -2, -3, 42, 53, 18, 64, 
-8: -4, 10, 57, 30, -5, 0, -2, -3, 42, 53, 18, 64, 
-9: -2, -3, 42, 53, 0, -4, 18, 64, 
-10: -4, 18, 64, -2, 0, 
-11: -2, 0, 
3: -4, 0, 55, 4, -3, 15, 62, 24, -6, 
4: -4, 0, 55, 4, -3, 
5: -4, 0, 

##########################################################

38
Block 0
-1: -6, 16, 58, 36, -2, 0, -4, 10, 54, 46, 28, 64, 
0: 46, 54, 10, -4, -6, 16, 58, 36, -2, 0, 
1: 28, -4, -2, 46, 54, 10, -6, 16, 58, 36, 0, 
2: -4, 28, -2, 46, 54, 10, -6, 16, 58, 36, 
-2: -2, 36, 58, 16, -6, 0, -4, 10, 54, 46, 28, 64, 
-3: -4, 10, 54, 46, 0, -2, 28, 64, -6, 16, 58, 36, 
-4: -2, -4, 28, 64, 0, 46, 54, 10, -6, 16, 58, 36, 
-5: -4, 0, 46, 54, 10, -6, 16, 58, 36, -2, 
-6: -6, 16, 58, 36, -2, 0, -4, 10, 54, 46, 28, 64, 
-7: -2, 36, 58, 16, -6, 0, -4, 10, 54, 46, 28, 64, 
-8: -4, 10, 54, 46, 0, -2, 28, 64, 
-9: -2, -4, 28, 64, 0, 
-10: -4, 0, 
3: -4, 28, -2, 46, 54, 10, 
4: -4, 28, -2, 
5: -4, 

##########################################################

39
Block 0
-1: -4, 10, 52, 54, 14, -6, 0, -2, 16, 56, 46, 4, 28, 62, 36, 
0: 42, 58, 20, -4, -2, 10, 52, 54, 14, -6, 0, 16, 56, 46, 4, 28, 62, 36, 
1: 30, -2, 42, 58, 20, -4, 10, 52, 54, 14, -6, 0, 16, 56, 46, 4, 
2: -4, 30, -2, 42, 58, 20, 10, 52, 54, 14, -6, 0, 
-2: -2, -6, 16, 56, 46, 4, -4, 28, 62, 36, 
-3: -2, -4, 28, 62, 36, 4, 46, 56, 16, -6, 0, 14, 54, 52, 10, 
-4: -4, -2, 36, 62, 28, 4, 46, 56, 16, -6, 0, 14, 54, 52, 10, 20, 58, 42, 
-5: -4, 4, 46, 56, 16, -6, -2, 0, 14, 54, 52, 10, 20, 58, 42, 30, 64, 
-6: 0, -6, 14, 54, 52, 10, -4, -2, 20, 58, 42, 30, 64, 
-7: -2, -4, 20, 58, 42, 0, 30, 64, 
-8: -2, 30, 64, -4, 0, 
-9: -4, 0, 
3: -4, 30, -2, 42, 58, 20, 
4: -4, 30, -2, 
5: -4, 

##########################################################

40
Block 0
-1: -4, 0, 36, 64, 
0: 36, 64, 0, -4, 
1: 36, 0, -4, 64, 
2: -4, 0, 36, 64, 
-2: -4, 0, 36, 64, 
-3: -4, 0, 36, 64, 
-4: -4, 0, 36, 64, 
-5: -4, 0, 36, 64, 
-6: -4, 0, 36, 64, 
-7: -4, 0, 36, 64, 
-8: -4, 0, 
3: -4, 0, 36, 64, 
4: -4, 0, 36, 
5: -4, 0, 

##########################################################

41
Block 0
-1: -4, -2, 20, 54, 56, 28, 0, 14, 46, 62, 36, 4, -6, 
0: 30, 58, 52, 16, -4, -2, 20, 54, 56, 28, 0, 14, 46, 62, 36, 4, -6, 
1: 42, 10, -6, -2, 30, 58, 52, 16, -4, 20, 54, 56, 28, 0, 14, 46, 62, 36, 4, 
2: -4, -2, 42, 10, -6, 30, 58, 52, 16, 20, 54, 56, 28, 0, 
-2: -2, -4, 14, 46, 62, 36, 4, -6, 0, 28, 56, 54, 20, 16, 52, 58, 30, 
-3: -2, -6, 4, 36, 62, 46, 14, -4, 0, 28, 56, 54, 20, 16, 52, 58, 30, 10, 42, 64, 
-4: 0, -4, -2, 28, 56, 54, 20, 16, 52, 58, 30, -6, 10, 42, 64, 
-5: -4, 16, 52, 58, 30, 0, -2, -6, 10, 42, 64, 
-6: -2, -6, 10, 42, 64, -4, 0, 
-7: -2, -4, 0, 
3: -4, -2, 42, 10, -6, 30, 58, 52, 16, 
4: -4, -2, 42, 10, -6, 
5: -4, -2, 

##########################################################

42
Block 0
-1: -4, 10, 36, 58, 54, 28, 0, -6, -2, 16, 46, 64, 
0: 28, 54, 58, 36, 10, -4, 0, -6, -2, 16, 46, 64, 
1: 46, 16, -2, -4, 28, 54, 58, 36, 10, 0, -6, 64, 
2: -6, -2, 46, 16, -4, 28, 54, 58, 36, 10, 0, 
-2: -2, -4, 16, 46, 64, -6, 0, 28, 54, 58, 36, 10, 
-3: -2, -6, 0, 28, 54, 58, 36, 10, -4, 16, 46, 64, 
-4: -4, 10, 36, 58, 54, 28, 0, -2, 16, 46, 64, -6, 
-5: -2, -4, 16, 46, 64, -6, 0, 
-6: -2, -6, 0, 
3: -6, -2, 46, 16, -4, 28, 54, 58, 36, 10, 0, 
4: -6, -2, 46, 16, -4, 
5: -6, -2, 

##########################################################

43
Block 0
-1: -2, -6, 16, 42, 58, 56, 36, 14, -4, 0, 10, 30, 54, 62, 46, 20, 4, 28, 52, 64, 
0: 20, 46, 62, 54, 30, 10, -4, -2, -6, 16, 42, 58, 56, 36, 14, 0, 
1: 52, 28, 4, -4, -2, 20, 46, 62, 54, 30, 10, -6, 16, 42, 58, 56, 36, 14, 0, 
2: -6, -4, 0, 52, 28, 4, -2, 20, 46, 62, 54, 30, 10, 16, 42, 58, 56, 36, 14, 
-2: -2, -4, 14, 36, 56, 58, 42, 16, -6, 0, 10, 30, 54, 62, 46, 20, 4, 28, 52, 64, 
-3: -2, -4, 10, 30, 54, 62, 46, 20, 0, 4, 28, 52, 64, -6, 
-4: -2, -4, 4, 28, 52, 64, 0, -6, 
-5: 0, -4, -6, 
3: -6, -4, 0, 52, 28, 4, -2, 20, 46, 62, 54, 30, 10, 
4: -6, -4, 0, 52, 28, 4, -2, 
5: -6, -4, 0, 

##########################################################

44
Block 0
-1: -2, -4, 0, 16, 36, 54, 64, 
0: 16, 36, 54, 64, 0, -4, -2, 
1: 54, 36, 16, 0, -4, -2, 64, 
2: -4, -2, 0, 54, 36, 16, 64, 
-2: -2, -4, 0, 16, 36, 54, 64, 
-3: -2, -4, 0, 16, 36, 54, 64, 
-4: -2, -4, 0, 
3: -4, -2, 0, 54, 36, 16, 64, 
4: -4, -2, 0, 54, 36, 16, 
5: -4, -2, 0, 

##########################################################

45
Block 0
-1: -2, -4, 10, 20, 36, 52, 58, 62, 54, 42, 28, 14, 0, -6, 4, 16, 30, 46, 56, 64, 
0: 14, 28, 42, 54, 62, 58, 52, 36, 20, 10, -2, -4, 0, -6, 4, 16, 30, 46, 56, 64, 
1: 56, 46, 30, 16, 4, -2, -6, -4, 14, 28, 42, 54, 62, 58, 52, 36, 20, 10, 0, 64, 
2: -4, -6, -2, 0, 56, 46, 30, 16, 4, 14, 28, 42, 54, 62, 58, 52, 36, 20, 10, 
-2: -2, -4, -6, 4, 16, 30, 46, 56, 64, 0, 
-3: 0, -2, -4, -6, 
3: -4, -6, -2, 0, 56, 46, 30, 16, 4, 14, 28, 42, 54, 62, 58, 52, 36, 20, 10, 
4: -4, -6, -2, 0, 56, 46, 30, 16, 4, 
5: -4, -6, -2, 0, 

##########################################################

46
Block 0
-1: -2, -4, -6, 0, 10, 16, 28, 36, 46, 54, 58, 64, 
0: 10, 16, 28, 36, 46, 54, 58, 64, 0, -2, -4, -6, 
1: 58, 54, 46, 36, 28, 16, 10, 0, -2, -4, -6, 64, 
2: -2, -4, -6, 0, 58, 54, 46, 36, 28, 16, 10, 64, 
-2: -2, -4, -6, 0, 
3: -2, -4, -6, 0, 58, 54, 46, 36, 28, 16, 10, 64, 
4: -2, -4, -6, 0, 58, 54, 46, 36, 28, 16, 10, 
5: -2, -4, -6, 0, 

##########################################################

47
Block 0
-1: -1, -2, -4, -6, -3, 2, 10, 15, 20, 29, 36, 0, 
0: 7, 14, 18, 28, 33, 42, 49, 54, 57, 62, 63, 58, 55, 52, 44, 36, -1, -2, -4, -6, -3, 2, 10, 15, 20, 29, 0, 
1: 60, 56, 53, 46, 39, 30, 24, 16, 12, 4, -1, -2, -4, -6, -5, 7, 14, 18, 28, 33, 42, 49, 54, 57, 62, 63, 58, 55, 52, 44, 36, -3, 2, 10, 15, 20, 29, 0, 
2: -2, -4, -5, -6, -3, 0, 60, 56, 53, 46, 39, 30, 24, 16, 12, 4, -1, 7, 14, 18, 28, 33, 42, 49, 54, 57, 62, 63, 58, 55, 52, 44, 36, 2, 10, 15, 20, 29, 
-2: 0, -2, -4, 
3: -2, -4, -5, -6, -3, 0, 60, 56, 53, 46, 39, 30, 24, 16, 12, 4, -1, 7, 14, 18, 28, 33, 42, 49, 54, 57, 62, 63, 58, 55, 52, 44, 36, 
4: -2, -4, -5, -6, -3, 0, 60, 56, 53, 46, 39, 30, 24, 16, 12, 4, -1, 
5: -2, -4, -5, -6, -3, 0, 

Block 1
0: -5, -6, -4, -2, -1, 4, 12, 16, 24, 30, 39, 46, 53, 56, 60, 64, 0, -3, 
1: 44, 52, 55, 58, 63, 62, 57, 54, 49, 42, 33, 28, 18, 14, 7, 0, -5, -6, -4, -2, -1, 4, 12, 16, 24, 30, 39, 46, 53, 56, 60, 64, -3, 
2: 29, 20, 15, 10, 2, -2, -3, -4, -6, -1, 0, 44, 52, 55, 58, 63, 62, 57, 54, 49, 42, 33, 28, 18, 14, 7, -5, 4, 12, 16, 24, 30, 39, 46, 53, 56, 60, 64, 
3: -4, -2, 0, 29, 20, 15, 10, 2, -3, -6, -1, 44, 52, 55, 58, 63, 62, 57, 54, 49, 42, 33, 28, 18, 14, 7, -5, 4, 12, 16, 24, 30, 39, 46, 53, 56, 60, 64, 
-1: 0, -2, -3, -4, -6, -5, 
4: -4, -2, 0, 29, 20, 15, 10, 2, -3, -6, -1, 44, 52, 55, 58, 63, 62, 57, 54, 49, 42, 33, 28, 18, 14, 7, 
5: -4, -2, 0, 29, 20, 15, 10, 2, -3, -6, -1, 
6: -4, -2, 0, 

##########################################################

48
Block 0
-1: 0, -2, -4, -6, 
0: 4, 10, 14, 16, 20, 28, 30, 36, 42, 46, 52, 54, 56, 58, 62, 64, 0, -2, -4, -6, 
1: 62, 58, 56, 54, 52, 46, 42, 36, 30, 28, 20, 16, 14, 10, 4, 0, 64, -2, -4, -6, 
2: -2, -4, -6, 0, 62, 58, 56, 54, 52, 46, 42, 36, 30, 28, 20, 16, 14, 10, 4, 64, 
3: -2, -4, -6, 0, 62, 58, 56, 54, 52, 46, 42, 36, 30, 28, 20, 16, 14, 10, 4, 64, 
4: -2, -4, -6, 0, 62, 58, 56, 54, 52, 46, 42, 36, 30, 28, 20, 16, 14, 10, 4, 
5: -2, -4, -6, 0, 

##########################################################

49
Block 0
-1: 0, -1, -2, -3, -4, 
0: 2, 4, 7, 10, 12, 14, 15, 16, 18, 20, 24, 28, 29, 30, 33, 36, 0, -1, -2, -3, -4, 
1: 63, 62, 60, 58, 57, 56, 55, 54, 53, 52, 49, 46, 44, 42, 39, 36, 2, 4, 7, 10, 12, 14, 15, 16, 18, 20, 24, 28, 29, 30, 33, 0, -1, -2, -3, -4, 
2: -1, -2, -3, -4, -5, -6, 63, 62, 60, 58, 57, 56, 55, 54, 53, 52, 49, 46, 44, 42, 39, 36, 2, 4, 7, 10, 12, 14, 15, 16, 18, 20, 24, 28, 29, 30, 33, 0, 
3: -1, -2, -3, -4, -5, -6, 63, 62, 60, 58, 57, 56, 55, 54, 53, 52, 49, 46, 44, 42, 39, 36, 2, 4, 7, 10, 12, 14, 15, 16, 18, 20, 24, 28, 29, 30, 33, 
4: -1, -2, -3, -4, -5, -6, 63, 62, 60, 58, 57, 56, 55, 54, 53, 52, 49, 46, 44, 42, 39, 36, 
5: -1, -2, -3, -4, -5, -6, 

Block 1
0: -4, -5, -6, -3, -2, -1, 0, 
1: 39, 42, 44, 46, 49, 52, 53, 54, 55, 56, 57, 58, 60, 62, 63, 64, -4, -5, -6, -3, -2, -1, 0, 
2: 33, 30, 29, 28, 24, 20, 18, 16, 15, 14, 12, 10, 7, 4, 2, 0, 39, 42, 44, 46, 49, 52, 53, 54, 55, 56, 57, 58, 60, 62, 63, 64, -4, -5, -6, -3, -2, -1, 
3: -4, -3, -2, -1, 0, 33, 30, 29, 28, 24, 20, 18, 16, 15, 14, 12, 10, 7, 4, 2, 39, 42, 44, 46, 49, 52, 53, 54, 55, 56, 57, 58, 60, 62, 63, 64, -5, -6, 
4: -4, -3, -2, -1, 0, 33, 30, 29, 28, 24, 20, 18, 16, 15, 14, 12, 10, 7, 4, 2, 39, 42, 44, 46, 49, 52, 53, 54, 55, 56, 57, 58, 60, 62, 63, 64, 
5: -4, -3, -2, -1, 0, 33, 30, 29, 28, 24, 20, 18, 16, 15, 14, 12, 10, 7, 4, 2, 
6: -4, -3, -2, -1, 0, 

##########################################################

50
Block 0
0: 0, 
1: 64, 0, 
2: 0, 64, 
3: 0, 64, 
4: 0, 64, 
5: 0, 
6: 0, 

##########################################################

51
Block 0
0: -1, -2, -3, -4, -5, -6, 
1: 63, 62, 60, 58, 57, 56, 55, 54, 53, 52, 49, 46, 44, 42, 39, 36, -1, -2, -3, -4, -5, -6, 
2: 2, 4, 7, 10, 12, 14, 15, 16, 18, 20, 24, 28, 29, 30, 33, 36, 63, 62, 60, 58, 57, 56, 55, 54, 53, 52, 49, 46, 44, 42, 39, -1, -2, -3, -4, -5, -6, 
3: 0, -1, -2, -3, -4, 2, 4, 7, 10, 12, 14, 15, 16, 18, 20, 24, 28, 29, 30, 33, 36, 63, 62, 60, 58, 57, 56, 55, 54, 53, 52, 49, 46, 44, 42, 39, -5, -6, 
4: 0, -1, -2, -3, -4, 2, 4, 7, 10, 12, 14, 15, 16, 18, 20, 24, 28, 29, 30, 33, 36, 63, 62, 60, 58, 57, 56, 55, 54, 53, 52, 49, 46, 44, 42, 39, 
5: 0, -1, -2, -3, -4, 2, 4, 7, 10, 12, 14, 15, 16, 18, 20, 24, 28, 29, 30, 33, 36, 
6: 0, -1, -2, -3, -4, 

Block 1
0: -4, -3, -2, -1, 0, 
1: 33, 30, 29, 28, 24, 20, 18, 16, 15, 14, 12, 10, 7, 4, 2, 0, -4, -3, -2, -1, 
2: 39, 42, 44, 46, 49, 52, 53, 54, 55, 56, 57, 58, 60, 62, 63, 64, 33, 30, 29, 28, 24, 20, 18, 16, 15, 14, 12, 10, 7, 4, 2, 0, -4, -3, -2, -1, 
3: -4, -5, -6, -3, -2, -1, 0, 39, 42, 44, 46, 49, 52, 53, 54, 55, 56, 57, 58, 60, 62, 63, 64, 33, 30, 29, 28, 24, 20, 18, 16, 15, 14, 12, 10, 7, 4, 2, 
4: 0, -4, -5, -6, -3, -2, -1, 39, 42, 44, 46, 49, 52, 53, 54, 55, 56, 57, 58, 60, 62, 63, 64, 33, 30, 29, 28, 24, 20, 18, 16, 15, 14, 12, 10, 7, 4, 2, 
5: 0, -4, -5, -6, -3, -2, -1, 39, 42, 44, 46, 49, 52, 53, 54, 55, 56, 57, 58, 60, 62, 63, 64, 
6: 0, -4, -5, -6, -3, -2, -1, 
7: 0, 

##########################################################

52
Block 0
0: -2, -4, -6, 0, 
1: 62, 58, 56, 54, 52, 46, 42, 36, 30, 28, 20, 16, 14, 10, 4, 0, -2, -4, -6, 
2: 4, 10, 14, 16, 20, 28, 30, 36, 42, 46, 52, 54, 56, 58, 62, 64, 0, -2, -4, -6, 
3: 0, -2, -4, -6, 4, 10, 14, 16, 20, 28, 30, 36, 42, 46, 52, 54, 56, 58, 62, 64, 
4: 0, -2, -4, -6, 4, 10, 14, 16, 20, 28, 30, 36, 42, 46, 52, 54, 56, 58, 62, 64, 
5: 0, -2, -4, -6, 4, 10, 14, 16, 20, 28, 30, 36, 42, 46, 52, 54, 56, 58, 62, 64, 
6: 0, -2, -4, -6, 
7: 0, 

##########################################################

53
Block 0
0: -2, -4, -5, -6, -3, 0, 
1: 60, 56, 53, 46, 39, 30, 24, 16, 12, 4, -1, -2, -4, -6, -5, -3, 0, 
2: 7, 14, 18, 28, 33, 42, 49, 54, 57, 62, 63, 58, 55, 52, 44, 36, 60, 56, 53, 46, 39, 30, 24, 16, 12, 4, -1, -2, -4, -6, -5, -3, 0, 
3: -1, -2, -4, -6, -3, 2, 10, 15, 20, 29, 36, 7, 14, 18, 28, 33, 42, 49, 54, 57, 62, 63, 58, 55, 52, 44, 60, 56, 53, 46, 39, 30, 24, 16, 12, 4, -5, 0, 
4: 0, -2, -4, -1, -6, -3, 2, 10, 15, 20, 29, 36, 7, 14, 18, 28, 33, 42, 49, 54, 57, 62, 63, 58, 55, 52, 44, 60, 56, 53, 46, 39, 30, 24, 16, 12, 4, -5, 
5: 0, -2, -4, -1, -6, -3, 2, 10, 15, 20, 29, 36, 7, 14, 18, 28, 33, 42, 49, 54, 57, 62, 63, 58, 55, 52, 44, 
6: 0, -2, -4, -1, -6, -3, 2, 10, 15, 20, 29, 36, 
7: 0, -2, -4, 

Block 1
0: -4, -2, 0, 
1: 29, 20, 15, 10, 2, -2, -3, -4, -6, -1, 0, 
2: 44, 52, 55, 58, 63, 62, 57, 54, 49, 42, 33, 28, 18, 14, 7, 0, 29, 20, 15, 10, 2, -2, -3, -4, -6, -1, 
3: -5, -6, -4, -2, -1, 4, 12, 16, 24, 30, 39, 46, 53, 56, 60, 64, 44, 52, 55, 58, 63, 62, 57, 54, 49, 42, 33, 28, 18, 14, 7, 0, 29, 20, 15, 10, 2, -3, 
4: 0, -2, -3, -4, -6, -5, -1, 4, 12, 16, 24, 30, 39, 46, 53, 56, 60, 64, 44, 52, 55, 58, 63, 62, 57, 54, 49, 42, 33, 28, 18, 14, 7, 29, 20, 15, 10, 2, 
5: 0, -2, -3, -4, -6, -5, -1, 4, 12, 16, 24, 30, 39, 46, 53, 56, 60, 64, 44, 52, 55, 58, 63, 62, 57, 54, 49, 42, 33, 28, 18, 14, 7, 
6: 0, -2, -3, -4, -6, -5, -1, 4, 12, 16, 24, 30, 39, 46, 53, 56, 60, 64, 
7: 0, -2, -3, -4, -6, -5, 
8: 0, 

##########################################################

54
Block 0
0: -2, -4, -6, 
1: 58, 54, 46, 36, 28, 16, 10, 0, -2, -4, -6, 
2: 10, 16, 28, 36, 46, 54, 58, 64, 0, -2, -4, -6, 
3: -2, -4, -6, 0, 10, 16, 28, 36, 46, 54, 58, 64, 
4: 0, -2, -4, -6, 10, 16, 28, 36, 46, 54, 58, 64, 
5: 0, -2, -4, -6, 10, 16, 28, 36, 46, 54, 58, 64, 
6: 0, -2, -4, -6, 10, 16, 28, 36, 46, 54, 58, 64, 
7: 0, -2, -4, -6, 
8: 0, 

##########################################################

55
Block 0
0: -4, -6, -2, 0, 
1: 56, 46, 30, 16, 4, -2, -6, -4, 0, 
2: 14, 28, 42, 54, 62, 58, 52, 36, 20, 10, -2, -4, 56, 46, 30, 16, 4, -6, 0, 
3: -2, -4, 10, 20, 36, 52, 58, 62, 54, 42, 28, 14, 0, 56, 46, 30, 16, 4, -6, 
4: -2, -4, -6, 4, 16, 30, 46, 56, 64, 10, 20, 36, 52, 58, 62, 54, 42, 28, 14, 0, 
5: 0, -2, -4, -6, 4, 16, 30, 46, 56, 64, 10, 20, 36, 52, 58, 62, 54, 42, 28, 14, 
6: 0, -2, -4, -6, 4, 16, 30, 46, 56, 64, 10, 20, 36, 52, 58, 62, 54, 42, 28, 14, 
7: 0, -2, -4, -6, 4, 16, 30, 46, 56, 64, 
8: 0, -2, -4, -6, 
9: 0, 

##########################################################

56
Block 0
0: -4, -2, 
1: 54, 36, 16, 0, -4, -2, 
2: 16, 36, 54, 64, 0, -4, -2, 
3: -2, -4, 0, 16, 36, 54, 64, 
4: 0, -2, -4, 16, 36, 54, 64, 
5: 0, -2, -4, 16, 36, 54, 64, 
6: 0, -2, -4, 16, 36, 54, 64, 
7: 0, -2, -4, 16, 36, 54, 64, 
8: 0, -2, -4, 16, 36, 54, 64, 
9: 0, -2, -4, 
10: 0, 

##########################################################

57
Block 0
0: -6, -4, 0, 
1: 52, 28, 4, -4, -2, -6, 0, 
2: 20, 46, 62, 54, 30, 10, -4, -2, 52, 28, 4, -6, 0, 
3: -2, -6, 16, 42, 58, 56, 36, 14, -4, 20, 46, 62, 54, 30, 10, 52, 28, 4, 0, 
4: -2, -4, 14, 36, 56, 58, 42, 16, -6, 20, 46, 62, 54, 30, 10, 52, 28, 4, 
5: -2, -4, 10, 30, 54, 62, 46, 20, 0, 14, 36, 56, 58, 42, 16, -6, 
6: -2, -4, 4, 28, 52, 64, 10, 30, 54, 62, 46, 20, 0, 14, 36, 56, 58, 42, 16, -6, 
7: 0, -4, -6, -2, 4, 28, 52, 64, 10, 30, 54, 62, 46, 20, 14, 36, 56, 58, 42, 16, 
8: 0, -4, -6, -2, 4, 28, 52, 64, 10, 30, 54, 62, 46, 20, 
9: 0, -4, -6, -2, 4, 28, 52, 64, 
10: 0, -4, -6, 
11: 0, 

##########################################################

58
Block 0
0: -6, -2, 
1: 46, 16, -2, -4, -6, 
2: 28, 54, 58, 36, 10, -4, 46, 16, -2, -6, 
3: -4, 10, 36, 58, 54, 28, 0, -6, -2, 46, 16, 
4: -2, -4, 16, 46, 64, 10, 36, 58, 54, 28, 0, -6, 
5: -2, -6, 0, 28, 54, 58, 36, 10, -4, 16, 46, 64, 
6: 0, -4, 10, 36, 58, 54, 28, -2, -6, 16, 46, 64, 
7: -2, -4, 16, 46, 64, 0, 10, 36, 58, 54, 28, -6, 
8: -2, -6, 0, -4, 16, 46, 64, 10, 36, 58, 54, 28, 
9: 0, -2, -6, -4, 16, 46, 64, 10, 36, 58, 54, 28, 
10: 0, -2, -6, -4, 16, 46, 64, 
11: 0, -2, -6, 
12: 0, 

##########################################################

59
Block 0
0: -4, -2, 
1: 42, 10, -6, -2, -4, 
2: 30, 58, 52, 16, -4, 42, 10, -6, -2, 
3: -4, -2, 20, 54, 56, 28, 0, 30, 58, 52, 16, 42, 10, -6, 
4: -2, -4, 14, 46, 62, 36, 4, -6, 20, 54, 56, 28, 0, 30, 58, 52, 16, 42, 10, 
5: -2, -6, 4, 36, 62, 46, 14, -4, 20, 54, 56, 28, 0, 30, 58, 52, 16, 
6: 0, -4, -2, 28, 56, 54, 20, -6, 4, 36, 62, 46, 14, 
7: -4, 16, 52, 58, 30, 0, -2, 28, 56, 54, 20, -6, 4, 36, 62, 46, 14, 
8: -2, -6, 10, 42, 64, -4, 16, 52, 58, 30, 0, 28, 56, 54, 20, 4, 36, 62, 46, 14, 
9: -2, -4, 0, -6, 10, 42, 64, 16, 52, 58, 30, 28, 56, 54, 20, 
10: 0, -2, -4, -6, 10, 42, 64, 16, 52, 58, 30, 
11: 0, -2, -4, -6, 10, 42, 64, 
12: 0, -2, -4, 
13: 0, 

##########################################################

60
Block 0
0: -4, 
1: 36, 0, -4, 
2: 36, 64, 0, -4, 
3: -4, 0, 36, 64, 
4: 0, -4, 36, 64, 
5: 0, -4, 36, 64, 
6: 0, -4, 36, 64, 
7: 0, -4, 36, 64, 
8: 0, -4, 36, 64, 
9: 0, -4, 36, 64, 
10: 0, -4, 36, 64, 
11: 0, -4, 36, 64, 
12: 0, -4, 36, 64, 
13: 0, -4, 
14: 0, 

##########################################################

61
Block 0
0: -4, 
1: 30, -2, -4, 
2: 42, 58, 20, -4, -2, 30, 
3: -4, 10, 52, 54, 14, -6, 0, 42, 58, 20, -2, 30, 
4: -2, -6, 16, 56, 46, 4, -4, 10, 52, 54, 14, 0, 42, 58, 20, 30, 
5: -2, -4, 28, 62, 36, -6, 16, 56, 46, 4, 10, 52, 54, 14, 0, 42, 58, 20, 
6: -4, -2, 36, 62, 28, -6, 16, 56, 46, 4, 10, 52, 54, 14, 0, 
7: -4, 4, 46, 56, 16, -6, -2, 36, 62, 28, 
8: 0, -6, 14, 54, 52, 10, -4, 4, 46, 56, 16, -2, 36, 62, 28, 
9: -2, -4, 20, 58, 42, 0, -6, 14, 54, 52, 10, 4, 46, 56, 16, 36, 62, 28, 
10: -2, 30, 64, -4, 20, 58, 42, 0, -6, 14, 54, 52, 10, 4, 46, 56, 16, 
11: -4, 0, -2, 30, 64, 20, 58, 42, -6, 14, 54, 52, 10, 
12: 0, -4, -2, 30, 64, 20, 58, 42, 
13: 0, -4, -2, 30, 64, 
14: 0, -4, 
15: 0, 

##########################################################

62
Block 0
0: -4, 
1: 28, -4, -2, 
2: 46, 54, 10, -4, 28, -2, 
3: -6, 16, 58, 36, -2, 46, 54, 10, -4, 28, 
4: -2, 36, 58, 16, -6, 46, 54, 10, -4, 28, 
5: -4, 10, 54, 46, 0, -2, 36, 58, 16, -6, 
6: -2, -4, 28, 64, 10, 54, 46, 0, 36, 58, 16, -6, 
7: -4, 0, 46, 54, 10, -2, 28, 64, 36, 58, 16, -6, 
8: 0, -6, 16, 58, 36, -2, -4, 46, 54, 10, 28, 64, 
9: -2, 36, 58, 16, -6, 0, -4, 46, 54, 10, 28, 64, 
10: -4, 10, 54, 46, 0, -2, 36, 58, 16, -6, 
11: -2, -4, 28, 64, 10, 54, 46, 0, 36, 58, 16, -6, 
12: -4, 0, -2, 28, 64, 10, 54, 46, 36, 58, 16, -6, 
13: 0, -4, -2, 28, 64, 10, 54, 46, 
14: 0, -4, -2, 28, 64, 
15: 0, -4, 
16: 0, 

##########################################################

63
Block 0
0: -2, 
1: 18, -4, -2, 
2: 53, 42, -3, -2, 18, -4, 
3: -5, 30, 57, 10, -4, 53, 42, -3, -2, 18, 
4: -4, 12, 58, 29, -6, -5, 30, 57, 10, 53, 42, -3, -2, 18, 
5: -2, 44, 52, -1, -4, 12, 58, 29, -6, -5, 30, 57, 10, 53, 42, -3, 
6: -5, 20, 63, 16, -4, -2, 44, 52, -1, 12, 58, 29, -6, 30, 57, 10, 
7: -2, 2, 54, 39, -4, -1, -5, 20, 63, 16, 44, 52, 12, 58, 29, -6, 
8: 0, -4, 33, 56, 7, -2, 2, 54, 39, -1, -5, 20, 63, 16, 44, 52, 
9: -4, 14, 60, 28, -6, 0, 33, 56, 7, -2, 2, 54, 39, -1, -5, 20, 63, 16, 
10: -2, 46, 49, -4, 14, 60, 28, -6, 0, 33, 56, 7, 2, 54, 39, -1, 
11: -6, 24, 62, 15, -4, -2, 46, 49, 14, 60, 28, 0, 33, 56, 7, 
12: -3, 4, 55, 36, -6, 24, 62, 15, -4, -2, 46, 49, 14, 60, 28, 
13: 0, -4, 36, -3, 4, 55, -6, 24, 62, 15, -2, 46, 49, 
14: -4, 0, 36, -3, 4, 55, -6, 24, 62, 15, 
15: -4, 0, 36, -3, 4, 55, 
16: -4, 0, 36, 
17: -4, 

Block 1
1: -4, 0, 
2: 55, 4, -3, -4, 0, 
3: 15, 62, 24, -6, 55, 4, -3, -4, 0, 
4: -2, 49, 46, 15, 62, 24, -6, 55, 4, -3, -4, 0, 
5: -6, 28, 60, 14, -4, -2, 49, 46, 15, 62, 24, 55, 4, -3, 
6: -4, 7, 56, 33, 0, -6, 28, 60, 14, -2, 49, 46, 15, 62, 24, 
7: -1, -4, 39, 54, 2, -2, 7, 56, 33, 0, -6, 28, 60, 14, 49, 46, 
8: -4, 16, 63, 20, -5, -1, 39, 54, 2, -2, 7, 56, 33, 0, -6, 28, 60, 14, 
9: -2, -1, 52, 44, -4, 16, 63, 20, -5, 39, 54, 2, 7, 56, 33, 0, 
10: -6, 29, 58, 12, -4, -2, -1, 52, 44, 16, 63, 20, -5, 39, 54, 2, 
11: -4, 10, 57, 30, -5, -6, 29, 58, 12, -2, -1, 52, 44, 16, 63, 20, 
12: -2, -3, 42, 53, 0, -4, 10, 57, 30, -5, -6, 29, 58, 12, -1, 52, 44, 
13: -4, 18, 64, -2, -3, 42, 53, 0, 10, 57, 30, -5, -6, 29, 58, 12, 
14: -2, 0, -4, 18, 64, -3, 42, 53, 10, 57, 30, -5, 
15: 0, -2, -4, 18, 64, -3, 42, 53, 
16: 0, -2, -4, 18, 64, 
17: 0, -2, 
18: 0, 

##########################################################

64
Block 0
0: -2, 
1: 14, -4, -2, 
2: 56, 28, -4, 14, -2, 
3: -4, 46, 42, 56, 28, 14, -2, 
4: -6, 30, 54, -2, -4, 46, 42, 56, 28, 14, 
5: -4, 16, 62, 10, -2, -6, 30, 54, 46, 42, 56, 28, 
6: -2, 4, 58, 20, -4, 16, 62, 10, -6, 30, 54, 46, 42, 
7: 0, -2, 52, 36, -6, 4, 58, 20, -4, 16, 62, 10, 30, 54, 
8: -6, 36, 52, -2, 0, 4, 58, 20, -4, 16, 62, 10, 
9: -4, 20, 58, 4, -2, -6, 36, 52, 0, 
10: -2, 10, 62, 16, -4, 20, 58, 4, -6, 36, 52, 0, 
11: -2, 54, 30, -6, 10, 62, 16, -4, 20, 58, 4, 36, 52, 0, 
12: -4, 42, 46, -2, 54, 30, -6, 10, 62, 16, 20, 58, 4, 
13: -4, 28, 56, 0, 42, 46, -2, 54, 30, -6, 10, 62, 16, 
14: -4, 14, 64, 28, 56, 0, 42, 46, -2, 54, 30, -6, 
15: -2, 0, -4, 14, 64, 28, 56, 42, 46, 
16: 0, -2, -4, 14, 64, 28, 56, 
17: 0, -2, -4, 14, 64, 
18: 0, -2, 
19: 0, 

##########################################################

65
Block 0
0: -1, 
1: 7, -2, -1, 
2: 60, 14, -2, 7, -1, 
3: -2, 56, 18, -4, 60, 14, 7, -1, 
4: -4, 53, 28, -2, 56, 18, 60, 14, 7, 
5: -5, 46, 33, -4, 53, 28, -2, 56, 18, 60, 14, 
6: -6, 39, 42, -5, 46, 33, -4, 53, 28, -2, 56, 18, 
7: -4, 30, 49, -6, 39, 42, -5, 46, 33, 53, 28, 
8: -4, 24, 54, -3, 30, 49, -6, 39, 42, -5, 46, 33, 
9: -3, 16, 57, -2, 0, -4, 24, 54, 30, 49, -6, 39, 42, 
10: -2, 12, 62, 2, -3, 16, 57, 0, -4, 24, 54, 30, 49, 
11: -2, 4, 63, 10, 12, 62, 2, -3, 16, 57, 0, -4, 24, 54, 
12: 0, -1, 58, 15, -2, 4, 63, 10, 12, 62, 2, -3, 16, 57, 
13: -2, 55, 20, -4, 0, -1, 58, 15, 4, 63, 10, 12, 62, 2, 
14: -4, 52, 29, -2, 55, 20, 0, -1, 58, 15, 4, 63, 10, 
15: -6, 44, 36, -4, 52, 29, -2, 55, 20, 0, -1, 58, 15, 
16: -5, 36, -6, 44, -4, 52, 29, -2, 55, 20, 
17: -4, -5, 36, -6, 44, 52, 29, 
18: -4, -5, 36, -6, 44, 
19: -4, -5, 36, 
20: -4, 

Block 1
1: -5, 
2: 44, -6, -5, 
3: 29, 52, -4, 44, -6, -5, 
4: -4, 20, 55, -2, 29, 52, 44, -6, -5, 
5: -2, 15, 58, -1, 0, -4, 20, 55, 29, 52, 44, -6, 
6: -2, 10, 63, 4, 15, 58, -1, 0, -4, 20, 55, 29, 52, 
7: -2, 2, 62, 12, 10, 63, 4, 15, 58, -1, 0, -4, 20, 55, 
8: 0, -2, 57, 16, -3, 2, 62, 12, 10, 63, 4, 15, 58, -1, 
9: -3, 54, 24, -4, 0, -2, 57, 16, 2, 62, 12, 10, 63, 4, 
10: -4, 49, 30, -3, 54, 24, 0, -2, 57, 16, 2, 62, 12, 
11: -6, 42, 39, -4, 49, 30, -3, 54, 24, 0, -2, 57, 16, 
12: -4, 33, 46, -5, -6, 42, 39, 49, 30, -3, 54, 24, 
13: -4, 28, 53, 33, 46, -5, -6, 42, 39, 49, 30, 
14: -4, 18, 56, -2, 28, 53, 33, 46, -5, -6, 42, 39, 
15: -2, 14, 60, 0, -4, 18, 56, 28, 53, 33, 46, -5, 
16: -2, 7, 64, 14, 60, 0, -4, 18, 56, 28, 53, 
17: -1, 0, -2, 7, 64, 14, 60, -4, 18, 56, 
18: 0, -1, -2, 7, 64, 14, 60, 
19: 0, -1, -2, 7, 64, 
20: 0, -1, 
21: 0, 

##########################################################

66
Block 0
1: 0, 
2: 64, 0, 
3: 0, 64, 
4: 0, 64, 
5: 0, 64, 
6: 0, 64, 
7: 0, 64, 
8: 0, 64, 
9: 0, 64, 
10: 0, 64, 
11: 0, 64, 
12: 0, 64, 
13: 0, 64, 
14: 0, 64, 
15: 0, 64, 
16: 0, 64, 
17: 0, 64, 
18: 0, 64, 
19: 0, 64, 
20: 0, 64, 
21: 0, 
22: 0, 

