##########################################################

35
Block 0
-1: 15, 29, 20, 6, 13, 28, 22, 12, 26, 10, 
0: 31, 19, 4, 15, 29, 20, 6, 13, 28, 22, 12, 26, 
1: 17, 3, 31, 19, 4, 15, 29, 20, 6, 13, 28, 22, 
2: 1, 17, 3, 31, 19, 4, 15, 29, 20, 6, 
-2: 13, 28, 22, 12, 26, 10, 
-3: 12, 26, 10, 
-4: 10, 
3: 1, 17, 3, 31, 19, 4, 
4: 1, 17, 3, 
5: 1, 

Block 1
-1: 9, 23, 26, 12, 7, 22, 28, 6, 20, 4, 
0: 25, 10, 9, 23, 26, 12, 7, 22, 28, 6, 20, 
1: 23, 9, 25, 10, 26, 12, 7, 22, 28, 
2: 7, 23, 9, 25, 10, 26, 12, 
-2: 7, 22, 28, 6, 20, 4, 
-3: 6, 20, 4, 
-4: 4, 
3: 7, 23, 9, 25, 10, 
4: 7, 23, 9, 
5: 7, 

Block 2
-1: 3, 17, 32, 18, 1, 16, 30, 14, 
0: 19, 31, 16, 2, 3, 17, 32, 18, 1, 30, 14, 
1: 29, 15, 0, 19, 31, 16, 2, 3, 17, 32, 18, 1, 30, 
2: 13, 29, 15, 0, 19, 31, 16, 2, 3, 17, 32, 18, 
-2: 1, 16, 30, 14, 
-3: 14, 
3: 13, 29, 15, 0, 19, 31, 16, 2, 
4: 13, 29, 15, 0, 
5: 13, 

Block 3
-1: 13, 27, 22, 8, 11, 26, 24, 10, 
0: 29, 21, 6, 13, 27, 22, 8, 11, 26, 24, 10, 
1: 19, 5, 29, 21, 6, 13, 27, 22, 8, 11, 26, 24, 
2: 3, 19, 5, 29, 21, 6, 13, 27, 22, 8, 
-2: 11, 26, 24, 10, 8, 
-3: 10, 24, 8, 
-4: 8, 
3: 3, 19, 5, 29, 21, 6, 
4: 3, 19, 5, 
5: 3, 

Block 4
-1: 7, 21, 28, 14, 5, 20, 30, 4, 18, 2, 
0: 23, 27, 12, 7, 21, 28, 14, 5, 20, 30, 4, 18, 
1: 25, 11, 23, 27, 12, 7, 21, 28, 14, 5, 20, 30, 
2: 9, 25, 11, 23, 27, 12, 7, 21, 28, 14, 
-2: 5, 20, 30, 4, 18, 2, 
-3: 4, 18, 2, 
-4: 2, 
3: 9, 25, 11, 23, 27, 12, 
4: 9, 25, 11, 
5: 9, 

Block 5
-1: 1, 15, 30, 20, 14, 28, 12, 
0: 17, 31, 18, 4, 1, 15, 30, 20, 14, 28, 12, 
1: 31, 17, 2, 18, 4, 1, 15, 30, 20, 14, 28, 
2: 15, 1, 31, 17, 2, 18, 4, 30, 20, 
-2: 14, 28, 12, 
-3: 12, 
3: 15, 1, 31, 17, 2, 18, 4, 
4: 15, 1, 31, 17, 2, 
5: 15, 1, 

Block 6
-1: 11, 25, 24, 10, 9, 26, 8, 22, 6, 
0: 27, 23, 8, 11, 25, 24, 10, 9, 26, 22, 
1: 21, 7, 27, 23, 8, 11, 25, 24, 10, 9, 26, 
2: 5, 21, 7, 27, 23, 8, 11, 25, 24, 10, 
-2: 9, 24, 26, 8, 22, 6, 
-3: 8, 22, 6, 
-4: 6, 
3: 5, 21, 7, 27, 23, 8, 
4: 5, 21, 7, 
5: 5, 

Block 7
-1: 5, 19, 30, 16, 3, 18, 32, 2, 
0: 21, 29, 14, 0, 5, 19, 30, 16, 3, 18, 32, 2, 
1: 27, 13, 21, 29, 14, 0, 5, 19, 30, 16, 3, 18, 32, 
2: 11, 27, 13, 21, 29, 14, 0, 5, 19, 30, 16, 
-2: 3, 18, 32, 2, 16, 
-3: 2, 16, 
3: 11, 27, 13, 21, 29, 14, 0, 
4: 11, 27, 13, 
5: 11, 

