##########################################################

35
Block 0
-1: 3[0], 6[1], 9[2], 12[3], 6[0], 9[1], 12[2], 9[0], 12[1], 12[0], 
0: 3[1], 6[2], 9[3], 3[0], 6[1], 9[2], 12[3], 6[0], 9[1], 12[2], 9[0], 12[1], 
1: 3[2], 6[3], 3[1], 6[2], 9[3], 3[0], 6[1], 9[2], 12[3], 6[0], 9[1], 12[2], 
2: 3[3], 3[2], 6[3], 3[1], 6[2], 9[3], 3[0], 6[1], 9[2], 12[3], 
-2: 6[0], 9[1], 12[2], 9[0], 12[1], 12[0], 
-3: 9[0], 12[1], 12[0], 
-4: 12[0], 
3: 3[3], 3[2], 6[3], 3[1], 6[2], 9[3], 
4: 3[3], 3[2], 6[3], 
5: 3[3], 

Block 1
-1: 15[0], 18[1], 21[2], 24[3], 18[0], 21[1], 24[2], 21[0], 24[1], 24[0], 
0: 15[1], 18[2], 21[3], 15[0], 18[1], 21[2], 24[3], 18[0], 21[1], 24[2], 21[0], 24[1], 
1: 15[2], 18[3], 15[1], 18[2], 21[3], 15[0], 18[1], 21[2], 24[3], 18[0], 21[1], 24[2], 
2: 15[3], 15[2], 18[3], 15[1], 18[2], 21[3], 15[0], 18[1], 21[2], 24[3], 
-2: 18[0], 21[1], 24[2], 21[0], 24[1], 24[0], 
-3: 21[0], 24[1], 24[0], 
-4: 24[0], 
3: 15[3], 15[2], 18[3], 15[1], 18[2], 21[3], 
4: 15[3], 15[2], 18[3], 
5: 15[3], 

Block 2
-1: 27[0], 30[1], 1[1], 4[2], 30[0], 1[0], 4[1], 4[0], 
0: 27[1], 30[2], 1[2], 4[3], 27[0], 30[1], 1[1], 4[2], 30[0], 1[0], 4[1], 4[0], 
1: 27[2], 30[3], 1[3], 27[1], 30[2], 1[2], 4[3], 27[0], 30[1], 1[1], 4[2], 30[0], 1[0], 4[1], 
2: 27[3], 27[2], 30[3], 1[3], 27[1], 30[2], 1[2], 4[3], 27[0], 30[1], 1[1], 4[2], 
-2: 30[0], 1[0], 4[1], 4[0], 
-3: 4[0], 
3: 27[3], 27[2], 30[3], 1[3], 27[1], 30[2], 1[2], 4[3], 
4: 27[3], 27[2], 30[3], 1[3], 
5: 27[3], 

Block 3
-1: 7[0], 10[1], 13[2], 16[3], 10[0], 13[1], 16[2], 13[0], 16[1], 16[0], 
0: 7[1], 10[2], 13[3], 7[0], 10[1], 13[2], 16[3], 10[0], 13[1], 16[2], 13[0], 16[1], 
1: 7[2], 10[3], 7[1], 10[2], 13[3], 7[0], 10[1], 13[2], 16[3], 10[0], 13[1], 16[2], 
2: 7[3], 7[2], 10[3], 7[1], 10[2], 13[3], 7[0], 10[1], 13[2], 16[3], 
-2: 10[0], 13[1], 16[2], 13[0], 16[1], 16[0], 
-3: 13[0], 16[1], 16[0], 
-4: 16[0], 
3: 7[3], 7[2], 10[3], 7[1], 10[2], 13[3], 
4: 7[3], 7[2], 10[3], 
5: 7[3], 

Block 4
-1: 19[0], 22[1], 25[2], 28[3], 22[0], 25[1], 28[2], 25[0], 28[1], 28[0], 
0: 19[1], 22[2], 25[3], 19[0], 22[1], 25[2], 28[3], 22[0], 25[1], 28[2], 25[0], 28[1], 
1: 19[2], 22[3], 19[1], 22[2], 25[3], 19[0], 22[1], 25[2], 28[3], 22[0], 25[1], 28[2], 
2: 19[3], 19[2], 22[3], 19[1], 22[2], 25[3], 19[0], 22[1], 25[2], 28[3], 
-2: 22[0], 25[1], 28[2], 25[0], 28[1], 28[0], 
-3: 25[0], 28[1], 28[0], 
-4: 28[0], 
3: 19[3], 19[2], 22[3], 19[1], 22[2], 25[3], 
4: 19[3], 19[2], 22[3], 
5: 19[3], 

Block 5
-1: 31[0], 2[0], 5[1], 8[2], 5[0], 8[1], 8[0], 
0: 31[1], 2[1], 5[2], 8[3], 31[0], 2[0], 5[1], 8[2], 5[0], 8[1], 8[0], 
1: 31[2], 2[2], 5[3], 31[1], 2[1], 5[2], 8[3], 31[0], 2[0], 5[1], 8[2], 5[0], 8[1], 
2: 31[3], 2[3], 31[2], 2[2], 5[3], 31[1], 2[1], 5[2], 8[3], 31[0], 2[0], 5[1], 8[2], 
-2: 5[0], 8[1], 8[0], 
-3: 8[0], 
3: 31[3], 2[3], 31[2], 2[2], 5[3], 31[1], 2[1], 5[2], 8[3], 
4: 31[3], 2[3], 31[2], 2[2], 5[3], 
5: 31[3], 2[3], 

Block 6
-1: 11[0], 14[1], 17[2], 20[3], 14[0], 17[1], 20[2], 17[0], 20[1], 20[0], 
0: 11[1], 14[2], 17[3], 11[0], 14[1], 17[2], 20[3], 14[0], 17[1], 20[2], 17[0], 20[1], 
1: 11[2], 14[3], 11[1], 14[2], 17[3], 11[0], 14[1], 17[2], 20[3], 14[0], 17[1], 20[2], 
2: 11[3], 11[2], 14[3], 11[1], 14[2], 17[3], 11[0], 14[1], 17[2], 20[3], 
-2: 14[0], 17[1], 20[2], 17[0], 20[1], 20[0], 
-3: 17[0], 20[1], 20[0], 
-4: 20[0], 
3: 11[3], 11[2], 14[3], 11[1], 14[2], 17[3], 
4: 11[3], 11[2], 14[3], 
5: 11[3], 

Block 7
-1: 23[0], 26[1], 29[2], 0[2], 26[0], 29[1], 0[1], 29[0], 0[0], 
0: 23[1], 26[2], 29[3], 0[3], 23[0], 26[1], 29[2], 0[2], 26[0], 29[1], 0[1], 29[0], 0[0], 
1: 23[2], 26[3], 23[1], 26[2], 29[3], 0[3], 23[0], 26[1], 29[2], 0[2], 26[0], 29[1], 0[1], 
2: 23[3], 23[2], 26[3], 23[1], 26[2], 29[3], 0[3], 23[0], 26[1], 29[2], 0[2], 
-2: 26[0], 29[1], 0[1], 29[0], 0[0], 
-3: 29[0], 0[0], 
3: 23[3], 23[2], 26[3], 23[1], 26[2], 29[3], 0[3], 
4: 23[3], 23[2], 26[3], 
5: 23[3], 

