##########################################################

2
Block 0
1: 16, 
2: 32, 16, 
3: 16, 32, 
4: 0, 16, 32, 
5: 0, 16, 32, 
6: 0, 16, 32, 
7: 0, 16, 32, 
8: 0, 16, 32, 
9: 0, 16, 32, 
10: 0, 16, 32, 
11: 0, 16, 32, 
12: 0, 16, 32, 
13: 0, 16, 32, 
14: 0, 16, 32, 
15: 0, 16, 32, 
16: 0, 16, 32, 
17: 0, 16, 32, 
18: 0, 16, 32, 
19: 0, 16, 32, 
20: 0, 16, 32, 
21: 0, 16, 32, 
22: 0, 16, 32, 
23: 0, 16, 32, 
24: 0, 16, 32, 
25: 0, 16, 32, 
26: 0, 16, 32, 
27: 0, 16, 32, 
28: 0, 16, 32, 
29: 0, 16, 32, 
30: 0, 16, 32, 
31: 0, 16, 32, 
32: 0, 16, 32, 
33: 0, 16, 32, 
34: 0, 16, 
35: 0, 

##########################################################

3
Block 0
0: 2, 
1: 18, 3, 
2: 30, 19, 5, 
3: 14, 29, 21, 6, 
4: 13, 27, 22, 8, 
5: 11, 26, 24, 9, 
6: 10, 24, 25, 11, 
7: 8, 23, 27, 12, 
8: 7, 21, 28, 14, 
9: 5, 20, 30, 15, 1, 
10: 4, 18, 31, 17, 2, 
11: 2, 17, 31, 18, 4, 
12: 1, 15, 30, 20, 5, 
13: 14, 28, 21, 7, 
14: 12, 27, 23, 8, 
15: 11, 25, 24, 10, 
16: 9, 24, 26, 11, 
17: 8, 22, 27, 13, 
18: 6, 21, 29, 14, 
19: 5, 19, 30, 16, 1, 
20: 3, 18, 32, 17, 
21: 2, 16, 31, 19, 4, 
22: 0, 15, 29, 20, 6, 
23: 13, 28, 22, 7, 
24: 12, 26, 23, 9, 
25: 10, 25, 
26: 9, 23, 26, 12, 
27: 7, 22, 28, 13, 
28: 6, 20, 29, 15, 
29: 4, 19, 31, 16, 
30: 3, 17, 32, 
31: 1, 16, 
32: 0, 

##########################################################

7
Block 0
0: 7, 
1: 23, 14, 5, 
2: 25, 30, 21, 12, 3, 
3: 9, 18, 27, 28, 19, 10, 1, 
4: 2, 11, 20, 29, 26, 17, 8, 
5: 4, 13, 22, 31, 24, 15, 6, 
6: 6, 15, 24, 31, 22, 13, 4, 
7: 8, 17, 26, 29, 20, 11, 2, 
8: 1, 10, 19, 28, 27, 18, 9, 
9: 3, 12, 21, 30, 25, 16, 7, 
10: 5, 14, 23, 32, 
11: 7, 16, 25, 30, 21, 12, 3, 
12: 0, 9, 18, 27, 28, 19, 10, 1, 
13: 2, 11, 20, 29, 26, 17, 8, 
14: 4, 13, 22, 31, 24, 15, 6, 
15: 6, 15, 24, 31, 22, 13, 4, 
16: 8, 17, 26, 29, 20, 11, 2, 
17: 1, 10, 19, 28, 27, 18, 9, 
18: 3, 12, 21, 30, 25, 16, 
19: 5, 14, 23, 32, 
20: 7, 16, 
21: 0, 

##########################################################

10
Block 0
0: 10, 4, 
1: 26, 20, 14, 8, 2, 
2: 22, 28, 30, 24, 18, 12, 6, 
3: 6, 12, 18, 24, 30, 28, 22, 16, 10, 4, 
4: 2, 8, 14, 20, 26, 32, 
5: 4, 10, 16, 22, 28, 30, 24, 18, 12, 6, 
6: 0, 6, 12, 18, 24, 30, 28, 22, 16, 10, 4, 
7: 2, 8, 14, 20, 26, 32, 
8: 4, 10, 16, 22, 28, 30, 24, 18, 12, 6, 
9: 0, 6, 12, 18, 24, 30, 28, 22, 16, 10, 4, 
10: 2, 8, 14, 20, 26, 32, 
11: 4, 10, 16, 22, 28, 30, 24, 18, 12, 6, 
12: 0, 6, 12, 18, 24, 30, 28, 22, 16, 
13: 2, 8, 14, 20, 26, 32, 
14: 4, 10, 16, 
15: 0, 

##########################################################

18
Block 0
0: 0, 
1: 64, 
2: 0, 
3: 0, 

##########################################################

23
Block 0
-1: 3, 6, 9, 12, 15, 18, 21, 24, 27, 30, 31, 28, 25, 22, 19, 16, 13, 10, 7, 4, 1, 
0: 19, 22, 25, 28, 31, 30, 27, 24, 21, 18, 15, 12, 9, 6, 3, 0, 
1: 29, 26, 23, 20, 17, 14, 11, 8, 5, 2, 
2: 13, 10, 7, 4, 1, 
-2: 2, 5, 8, 11, 14, 17, 20, 23, 26, 29, 32, 
-3: 1, 4, 7, 10, 13, 16, 19, 22, 25, 28, 31, 30, 27, 24, 21, 18, 15, 12, 9, 6, 3, 0, 
-4: 3, 6, 9, 12, 15, 18, 21, 24, 27, 30, 31, 28, 25, 22, 19, 16, 
-5: 2, 5, 8, 11, 14, 17, 20, 23, 26, 29, 32, 
-6: 1, 4, 7, 10, 13, 16, 

##########################################################

26
Block 0
-1: 6, 12, 18, 24, 30, 28, 22, 16, 10, 4, 
0: 22, 28, 30, 24, 18, 12, 6, 0, 
1: 26, 20, 14, 8, 2, 
2: 10, 4, 
-2: 2, 8, 14, 20, 26, 32, 
-3: 4, 10, 16, 22, 28, 30, 24, 18, 12, 6, 0, 
-4: 6, 12, 18, 24, 30, 28, 22, 16, 10, 4, 
-5: 2, 8, 14, 20, 26, 32, 
-6: 4, 10, 16, 22, 28, 30, 24, 18, 12, 6, 0, 
-7: 6, 12, 18, 24, 30, 28, 22, 16, 10, 4, 
-8: 2, 8, 14, 20, 26, 32, 
-9: 4, 10, 16, 22, 28, 30, 24, 18, 12, 6, 0, 
-10: 6, 12, 18, 24, 30, 28, 22, 16, 
-11: 2, 8, 14, 20, 26, 32, 
-12: 4, 10, 16, 

##########################################################

30
Block 0
-1: 10, 20, 30, 24, 14, 4, 
0: 26, 28, 18, 8, 
1: 22, 12, 2, 
2: 6, 
-2: 4, 14, 24, 30, 20, 10, 0, 
-3: 8, 18, 28, 26, 16, 6, 
-4: 2, 12, 22, 32, 
-5: 6, 16, 26, 28, 18, 8, 
-6: 10, 20, 30, 24, 14, 4, 
-7: 4, 14, 24, 30, 20, 10, 0, 
-8: 8, 18, 28, 26, 16, 6, 
-9: 2, 12, 22, 32, 
-10: 6, 16, 26, 28, 18, 8, 
-11: 10, 20, 30, 24, 14, 4, 
-12: 4, 14, 24, 30, 20, 10, 0, 
-13: 8, 18, 28, 26, 16, 6, 
-14: 2, 12, 22, 32, 
-15: 6, 16, 26, 28, 18, 8, 
-16: 10, 20, 30, 24, 14, 4, 
-17: 4, 14, 24, 30, 20, 10, 0, 
-18: 8, 18, 28, 26, 16, 
-19: 2, 12, 22, 32, 
-20: 6, 16, 

##########################################################

33
Block 0
-1: 15, 29, 20, 6, 
0: 31, 19, 4, 
1: 17, 3, 
2: 1, 
-2: 13, 28, 22, 7, 
-3: 12, 26, 23, 9, 
-4: 10, 25, 
-5: 9, 23, 26, 12, 
-6: 7, 22, 28, 13, 
-7: 6, 20, 29, 15, 0, 
-8: 4, 19, 31, 16, 2, 
-9: 3, 17, 32, 18, 
-10: 1, 16, 30, 19, 5, 
-11: 14, 29, 21, 6, 
-12: 13, 27, 22, 8, 
-13: 11, 26, 24, 9, 
-14: 10, 24, 25, 11, 
-15: 8, 23, 27, 12, 
-16: 7, 21, 28, 14, 
-17: 5, 20, 30, 15, 1, 
-18: 4, 18, 31, 17, 2, 
-19: 2, 17, 31, 18, 4, 
-20: 1, 15, 30, 20, 5, 
-21: 14, 28, 21, 7, 
-22: 12, 27, 23, 8, 
-23: 11, 25, 24, 10, 
-24: 9, 24, 26, 11, 
-25: 8, 22, 27, 13, 
-26: 6, 21, 29, 14, 0, 
-27: 5, 19, 30, 16, 
-28: 3, 18, 32, 
-29: 2, 16, 

##########################################################

34
Block 0
-1: 16, 32, 0, 
0: 32, 16, 0, 
1: 16, 0, 
2: 0, 
-2: 16, 32, 0, 
-3: 16, 32, 0, 
-4: 16, 32, 0, 
-5: 16, 32, 0, 
-6: 16, 32, 0, 
-7: 16, 32, 0, 
-8: 16, 32, 0, 
-9: 16, 32, 0, 
-10: 16, 32, 0, 
-11: 16, 32, 0, 
-12: 16, 32, 0, 
-13: 16, 32, 0, 
-14: 16, 32, 0, 
-15: 16, 32, 0, 
-16: 16, 32, 0, 
-17: 16, 32, 0, 
-18: 16, 32, 0, 
-19: 16, 32, 0, 
-20: 16, 32, 0, 
-21: 16, 32, 0, 
-22: 16, 32, 0, 
-23: 16, 32, 0, 
-24: 16, 32, 0, 
-25: 16, 32, 0, 
-26: 16, 32, 0, 
-27: 16, 32, 0, 
-28: 16, 32, 0, 
-29: 16, 32, 0, 
-30: 16, 32, 
-31: 16, 32, 
-32: 16, 

##########################################################

35
Block 0
-1: 15, 29, 20, 6, 
0: 31, 19, 4, 
1: 17, 3, 
2: 1, 
-2: 13, 28, 22, 7, 
-3: 12, 26, 23, 9, 
-4: 10, 25, 
-5: 9, 23, 26, 12, 
-6: 7, 22, 28, 13, 
-7: 6, 20, 29, 15, 0, 
-8: 4, 19, 31, 16, 2, 
-9: 3, 17, 32, 18, 
-10: 1, 16, 30, 19, 5, 
-11: 14, 29, 21, 6, 
-12: 13, 27, 22, 8, 
-13: 11, 26, 24, 9, 
-14: 10, 24, 25, 11, 
-15: 8, 23, 27, 12, 
-16: 7, 21, 28, 14, 
-17: 5, 20, 30, 15, 1, 
-18: 4, 18, 31, 17, 2, 
-19: 2, 17, 31, 18, 4, 
-20: 1, 15, 30, 20, 5, 
-21: 14, 28, 21, 7, 
-22: 12, 27, 23, 8, 
-23: 11, 25, 24, 10, 
-24: 9, 24, 26, 11, 
-25: 8, 22, 27, 13, 
-26: 6, 21, 29, 14, 0, 
-27: 5, 19, 30, 16, 
-28: 3, 18, 32, 
-29: 2, 16, 

##########################################################

43
Block 0
-1: 5, 10, 15, 20, 25, 30, 29, 24, 19, 14, 9, 4, 
0: 21, 26, 31, 28, 23, 18, 13, 8, 3, 
1: 27, 22, 17, 12, 7, 2, 
2: 11, 6, 1, 
-2: 4, 9, 14, 19, 24, 29, 30, 25, 20, 15, 10, 5, 0, 
-3: 3, 8, 13, 18, 23, 28, 31, 26, 21, 16, 11, 6, 1, 
-4: 2, 7, 12, 17, 22, 27, 32, 
-5: 1, 6, 11, 16, 21, 26, 31, 28, 23, 18, 13, 8, 3, 
-6: 5, 10, 15, 20, 25, 30, 29, 24, 19, 14, 9, 4, 
-7: 4, 9, 14, 19, 24, 29, 30, 25, 20, 15, 10, 5, 0, 
-8: 3, 8, 13, 18, 23, 28, 31, 26, 21, 16, 
-9: 2, 7, 12, 17, 22, 27, 32, 
-10: 1, 6, 11, 16, 

##########################################################

46
Block 0
-1: 2, 4, 6, 8, 10, 12, 14, 16, 18, 20, 22, 24, 26, 28, 30, 32, 0, 
0: 18, 20, 22, 24, 26, 28, 30, 32, 16, 14, 12, 10, 8, 6, 4, 2, 0, 
1: 30, 28, 26, 24, 22, 20, 18, 16, 14, 12, 10, 8, 6, 4, 2, 0, 
2: 14, 12, 10, 8, 6, 4, 2, 0, 
-2: 2, 4, 6, 8, 10, 12, 14, 16, 18, 20, 22, 24, 26, 28, 30, 32, 
-3: 2, 4, 6, 8, 10, 12, 14, 16, 18, 20, 22, 24, 26, 28, 30, 32, 
-4: 2, 4, 6, 8, 10, 12, 14, 16, 

##########################################################

49
Block 0
-1: 1, 2, 3, 4, 5, 6, 7, 8, 9, 10, 11, 12, 13, 14, 15, 16, 
0: 17, 18, 19, 20, 21, 22, 23, 24, 25, 26, 27, 28, 29, 30, 31, 32, 
1: 31, 30, 29, 28, 27, 26, 25, 24, 23, 22, 21, 20, 19, 18, 17, 16, 
2: 15, 14, 13, 12, 11, 10, 9, 8, 7, 6, 5, 4, 3, 2, 1, 0, 

##########################################################

50
Block 0
0: 0, 
1: 64, 
2: 0, 
3: 0, 

##########################################################

54
Block 0
0: 14, 12, 10, 8, 6, 4, 2, 
1: 30, 28, 26, 24, 22, 20, 18, 16, 14, 12, 10, 8, 6, 4, 2, 
2: 18, 20, 22, 24, 26, 28, 30, 32, 16, 14, 12, 10, 8, 6, 4, 2, 
3: 2, 4, 6, 8, 10, 12, 14, 16, 18, 20, 22, 24, 26, 28, 30, 32, 
4: 0, 2, 4, 6, 8, 10, 12, 14, 16, 18, 20, 22, 24, 26, 28, 30, 32, 
5: 0, 2, 4, 6, 8, 10, 12, 14, 16, 18, 20, 22, 24, 26, 28, 30, 32, 
6: 0, 2, 4, 6, 8, 10, 12, 14, 16, 
7: 0, 

