##########################################################

35
Block 0
-1: 14, 30, 21, 5, 26, 10, 
0: 30, 17, 5, 14, 21, 26, 10, 
1: 17, 1, 30, 5, 14, 21, 26, 
2: 1, 17, 30, 5, 14, 21, 
-2: 14, 26, 21, 10, 
-3: 10, 26, 
-4: 10, 
3: 1, 17, 30, 5, 
4: 1, 17, 
5: 1, 

Block 1
-1: 10, 22, 25, 13, 6, 29, 18, 2, 
0: 26, 25, 9, 10, 22, 13, 6, 29, 18, 
1: 21, 9, 26, 25, 10, 22, 13, 6, 29, 
2: 5, 21, 9, 26, 25, 10, 22, 13, 
-2: 6, 22, 29, 18, 2, 
-3: 6, 18, 2, 
-4: 2, 
3: 5, 21, 9, 26, 25, 
4: 5, 21, 9, 
5: 5, 

Block 2
-1: 2, 18, 30, 17, 14, 
0: 18, 29, 17, 1, 2, 30, 14, 
1: 29, 13, 1, 18, 17, 2, 30, 14, 
2: 13, 29, 1, 18, 17, 2, 30, 
-2: 2, 14, 30, 
-3: 14, 
3: 13, 29, 1, 18, 17, 
4: 13, 29, 1, 
5: 13, 

Block 3
-1: 14, 26, 21, 9, 10, 25, 22, 6, 
0: 30, 21, 5, 14, 26, 9, 10, 25, 22, 
1: 17, 5, 30, 21, 14, 26, 9, 10, 25, 
2: 1, 17, 5, 30, 21, 14, 26, 9, 
-2: 10, 26, 25, 22, 6, 
-3: 10, 22, 6, 
-4: 6, 
3: 1, 17, 5, 30, 21, 
4: 1, 17, 5, 
5: 1, 

Block 4
-1: 6, 22, 29, 13, 18, 2, 
0: 22, 25, 13, 6, 29, 18, 2, 
1: 25, 9, 22, 13, 6, 29, 18, 
2: 9, 25, 22, 13, 6, 29, 
-2: 6, 18, 29, 2, 
-3: 2, 18, 
-4: 2, 
3: 9, 25, 22, 13, 
4: 9, 25, 
5: 9, 

Block 5
-1: 2, 14, 30, 21, 26, 10, 
0: 18, 30, 17, 5, 2, 14, 21, 26, 10, 
1: 29, 17, 1, 18, 30, 5, 2, 14, 21, 26, 
2: 13, 1, 29, 17, 18, 30, 5, 2, 14, 21, 
-2: 14, 26, 10, 
-3: 10, 
3: 13, 1, 29, 17, 18, 30, 5, 
4: 13, 1, 29, 17, 
5: 13, 1, 

Block 6
-1: 10, 26, 25, 9, 22, 6, 
0: 26, 21, 9, 10, 25, 22, 6, 
1: 21, 5, 26, 9, 10, 25, 22, 
2: 5, 21, 26, 9, 10, 25, 
-2: 10, 22, 25, 6, 
-3: 6, 22, 
-4: 6, 
3: 5, 21, 26, 9, 
4: 5, 21, 
5: 5, 

Block 7
-1: 6, 18, 29, 17, 2, 30, 14, 
0: 22, 29, 13, 1, 6, 18, 17, 2, 30, 14, 
1: 25, 13, 22, 29, 1, 6, 18, 17, 2, 30, 
2: 9, 25, 13, 22, 29, 1, 6, 18, 17, 
-2: 2, 18, 30, 14, 
-3: 2, 14, 
3: 9, 25, 13, 22, 29, 1, 
4: 9, 25, 13, 
5: 9, 

