##########################################################

35
Block 0
-1: 15, 29, 20, 6, 
0: 31, 19, 4, 
1: 17, 3, 
2: 1, 
-2: 13, 28, 22, 7, 
-3: 12, 26, 23, 9, 
-4: 10, 25, 
-5: 9, 23, 26, 12, 
-6: 7, 22, 28, 
-7: 6, 20, 
-8: 4, 

Block 1
-1: 3, 17, 32, 18, 
0: 19, 31, 16, 2, 
1: 29, 15, 0, 
2: 13, 
-2: 1, 16, 30, 19, 5, 
-3: 14, 29, 21, 6, 
-4: 13, 27, 22, 8, 
-5: 11, 26, 24, 
-6: 10, 24, 
-7: 8, 

Block 2
-1: 7, 21, 28, 14, 
0: 23, 27, 12, 
1: 25, 11, 
2: 9, 
-2: 5, 20, 30, 15, 1, 
-3: 4, 18, 31, 17, 2, 
-4: 2, 17, 31, 18, 4, 
-5: 1, 15, 30, 20, 
-6: 14, 28, 
-7: 12, 

Block 3
-1: 11, 25, 24, 10, 
0: 27, 23, 8, 
1: 21, 7, 
2: 5, 
-2: 9, 24, 26, 11, 
-3: 8, 22, 27, 13, 
-4: 6, 21, 29, 14, 0, 
-5: 5, 19, 30, 16, 
-6: 3, 18, 32, 
-7: 2, 16, 

