##########################################################

2
Block 0
1: 0[0], 
2: 0[1], 0[0], 
3: 0[2], 0[1], 0[0], 
4: 0[3], 0[2], 0[1], 0[0], 
5: 0[3], 0[2], 0[1], 0[0], 
6: 0[3], 0[2], 0[1], 0[0], 
7: 0[3], 0[2], 0[1], 0[0], 
8: 0[3], 0[2], 0[1], 0[0], 
9: 0[3], 0[2], 0[1], 0[0], 
10: 0[3], 0[2], 0[1], 0[0], 
11: 0[3], 0[2], 0[1], 0[0], 
12: 0[3], 0[2], 0[1], 0[0], 
13: 0[3], 0[2], 0[1], 0[0], 
14: 0[3], 0[2], 0[1], 0[0], 
15: 0[3], 0[2], 0[1], 0[0], 
16: 0[3], 0[2], 0[1], 0[0], 
17: 0[3], 0[2], 0[1], 
18: 0[3], 0[2], 
19: 0[3], 

##########################################################

3
Block 0
0: 29[0], 
1: 29[1], 26[0], 
2: 29[2], 26[1], 23[0], 
3: 29[3], 26[2], 23[1], 20[0], 
4: 26[3], 23[2], 20[1], 17[0], 
5: 23[3], 20[2], 17[1], 14[0], 
6: 20[3], 17[2], 14[1], 11[0], 
7: 17[3], 14[2], 11[1], 8[0], 
8: 14[3], 11[2], 8[1], 5[0], 
9: 11[3], 8[2], 5[1], 2[0], 31[0], 
10: 8[3], 5[2], 2[1], 31[1], 28[0], 
11: 5[3], 2[2], 31[2], 28[1], 25[0], 
12: 2[3], 31[3], 28[2], 25[1], 22[0], 
13: 28[3], 25[2], 22[1], 19[0], 
14: 25[3], 22[2], 19[1], 16[0], 
15: 22[3], 19[2], 16[1], 
16: 19[3], 16[2], 
17: 16[3], 

Block 1
1: 13[0], 
2: 13[1], 10[0], 
3: 13[2], 10[1], 7[0], 
4: 13[3], 10[2], 7[1], 4[0], 
5: 10[3], 7[2], 4[1], 1[0], 30[0], 
6: 7[3], 4[2], 1[1], 30[1], 27[0], 
7: 4[3], 1[2], 30[2], 27[1], 24[0], 
8: 1[3], 30[3], 27[2], 24[1], 21[0], 
9: 27[3], 24[2], 21[1], 18[0], 
10: 24[3], 21[2], 18[1], 15[0], 
11: 21[3], 18[2], 15[1], 12[0], 
12: 18[3], 15[2], 12[1], 9[0], 
13: 15[3], 12[2], 9[1], 6[0], 
14: 12[3], 9[2], 6[1], 3[0], 
15: 9[3], 6[2], 3[1], 0[0], 
16: 6[3], 3[2], 0[1], 
17: 3[3], 0[2], 
18: 0[3], 

##########################################################

7
Block 0
0: 18[0], 
1: 18[1], 4[0], 22[0], 
2: 18[2], 4[1], 22[1], 8[0], 26[0], 
3: 18[3], 4[2], 22[2], 8[1], 26[1], 12[0], 30[0], 
4: 4[3], 22[3], 8[2], 26[2], 12[1], 30[1], 16[0], 
5: 8[3], 26[3], 12[2], 30[2], 16[1], 2[0], 20[0], 
6: 12[3], 30[3], 16[2], 2[1], 20[1], 6[0], 24[0], 
7: 16[3], 2[2], 20[2], 6[1], 24[1], 10[0], 28[0], 
8: 2[3], 20[3], 6[2], 24[2], 10[1], 28[1], 14[0], 
9: 6[3], 24[3], 10[2], 28[2], 14[1], 0[0], 
10: 10[3], 28[3], 14[2], 0[1], 
11: 14[3], 0[2], 
12: 0[3], 

##########################################################

10
Block 0
0: 12[0], 24[0], 
1: 12[1], 24[1], 4[0], 16[0], 28[0], 
2: 12[2], 24[2], 4[1], 16[1], 28[1], 8[0], 20[0], 
3: 12[3], 24[3], 4[2], 16[2], 28[2], 8[1], 20[1], 0[0], 12[0], 24[0], 
4: 4[3], 16[3], 28[3], 8[2], 20[2], 0[1], 12[1], 24[1], 4[0], 16[0], 28[0], 
5: 8[3], 20[3], 0[2], 12[2], 24[2], 4[1], 16[1], 28[1], 8[0], 20[0], 
6: 0[3], 12[3], 24[3], 4[2], 16[2], 28[2], 8[1], 20[1], 0[0], 
7: 4[3], 16[3], 28[3], 8[2], 20[2], 0[1], 
8: 8[3], 20[3], 0[2], 
9: 0[3], 

##########################################################

18
Block 0
0: 0[0], 0[0], 0[0], 0[0], 0[0], 0[0], 0[0], 0[0], 0[0], 0[0], 0[0], 0[0], 0[0], 0[0], 0[0], 0[0], 
1: 0[1], 0[1], 0[1], 0[1], 0[1], 0[1], 0[1], 0[1], 0[1], 0[1], 0[1], 0[1], 0[1], 0[1], 0[1], 0[1], 
2: 0[2], 0[2], 0[2], 0[2], 0[2], 0[2], 0[2], 0[2], 0[2], 0[2], 0[2], 0[2], 0[2], 0[2], 0[2], 0[2], 
3: 0[3], 0[3], 0[3], 0[3], 0[3], 0[3], 0[3], 0[3], 0[3], 0[3], 0[3], 0[3], 0[3], 0[3], 0[3], 0[3], 

##########################################################

23
Block 0
-1: 26[0], 20[0], 14[0], 8[0], 2[0], 28[1], 22[1], 16[1], 10[1], 4[1], 30[2], 24[2], 18[2], 12[2], 6[2], 0[2], 
0: 26[1], 20[1], 14[1], 8[1], 2[1], 28[2], 22[2], 16[2], 10[2], 4[2], 30[3], 24[3], 18[3], 12[3], 6[3], 0[3], 
1: 26[2], 20[2], 14[2], 8[2], 2[2], 28[3], 22[3], 16[3], 10[3], 4[3], 
2: 26[3], 20[3], 14[3], 8[3], 2[3], 
-2: 28[0], 22[0], 16[0], 10[0], 4[0], 30[1], 24[1], 18[1], 12[1], 6[1], 0[1], 
-3: 30[0], 24[0], 18[0], 12[0], 6[0], 0[0], 

##########################################################

26
Block 0
-1: 20[0], 8[0], 28[1], 16[1], 4[1], 24[2], 12[2], 0[2], 20[3], 8[3], 
0: 20[1], 8[1], 28[2], 16[2], 4[2], 24[3], 12[3], 0[3], 
1: 20[2], 8[2], 28[3], 16[3], 4[3], 
2: 20[3], 8[3], 
-2: 28[0], 16[0], 4[0], 24[1], 12[1], 0[1], 20[2], 8[2], 28[3], 16[3], 4[3], 
-3: 24[0], 12[0], 0[0], 20[1], 8[1], 28[2], 16[2], 4[2], 24[3], 12[3], 0[3], 
-4: 20[0], 8[0], 28[1], 16[1], 4[1], 24[2], 12[2], 0[2], 
-5: 28[0], 16[0], 4[0], 24[1], 12[1], 0[1], 
-6: 24[0], 12[0], 0[0], 

##########################################################

30
Block 0
-1: 12[0], 24[1], 4[1], 16[2], 28[3], 8[3], 
0: 12[1], 24[2], 4[2], 16[3], 
1: 12[2], 24[3], 4[3], 
2: 12[3], 
-2: 24[0], 4[0], 16[1], 28[2], 8[2], 20[3], 0[3], 
-3: 16[0], 28[1], 8[1], 20[2], 0[2], 12[3], 
-4: 28[0], 8[0], 20[1], 0[1], 12[2], 24[3], 4[3], 
-5: 20[0], 0[0], 12[1], 24[2], 4[2], 16[3], 
-6: 12[0], 24[1], 4[1], 16[2], 28[3], 8[3], 
-7: 24[0], 4[0], 16[1], 28[2], 8[2], 20[3], 0[3], 
-8: 16[0], 28[1], 8[1], 20[2], 0[2], 
-9: 28[0], 8[0], 20[1], 0[1], 
-10: 20[0], 0[0], 

##########################################################

33
Block 0
-1: 3[0], 6[1], 9[2], 12[3], 
0: 3[1], 6[2], 9[3], 
1: 3[2], 6[3], 
2: 3[3], 
-2: 6[0], 9[1], 12[2], 15[3], 
-3: 9[0], 12[1], 15[2], 18[3], 
-4: 12[0], 15[1], 18[2], 21[3], 
-5: 15[0], 18[1], 21[2], 24[3], 
-6: 18[0], 21[1], 24[2], 27[3], 
-7: 21[0], 24[1], 27[2], 30[3], 1[3], 
-8: 24[0], 27[1], 30[2], 1[2], 4[3], 
-9: 27[0], 30[1], 1[1], 4[2], 7[3], 
-10: 30[0], 1[0], 4[1], 7[2], 10[3], 
-11: 4[0], 7[1], 10[2], 13[3], 
-12: 7[0], 10[1], 13[2], 16[3], 
-13: 10[0], 13[1], 16[2], 
-14: 13[0], 16[1], 
-15: 16[0], 

Block 1
-1: 19[0], 22[1], 25[2], 28[3], 
0: 19[1], 22[2], 25[3], 
1: 19[2], 22[3], 
2: 19[3], 
-2: 22[0], 25[1], 28[2], 31[3], 2[3], 
-3: 25[0], 28[1], 31[2], 2[2], 5[3], 
-4: 28[0], 31[1], 2[1], 5[2], 8[3], 
-5: 31[0], 2[0], 5[1], 8[2], 11[3], 
-6: 5[0], 8[1], 11[2], 14[3], 
-7: 8[0], 11[1], 14[2], 17[3], 
-8: 11[0], 14[1], 17[2], 20[3], 
-9: 14[0], 17[1], 20[2], 23[3], 
-10: 17[0], 20[1], 23[2], 26[3], 
-11: 20[0], 23[1], 26[2], 29[3], 0[3], 
-12: 23[0], 26[1], 29[2], 0[2], 
-13: 26[0], 29[1], 0[1], 
-14: 29[0], 0[0], 

##########################################################

34
Block 0
-1: 0[0], 0[1], 0[2], 0[3], 
0: 0[1], 0[2], 0[3], 
1: 0[2], 0[3], 
2: 0[3], 
-2: 0[0], 0[1], 0[2], 0[3], 
-3: 0[0], 0[1], 0[2], 0[3], 
-4: 0[0], 0[1], 0[2], 0[3], 
-5: 0[0], 0[1], 0[2], 0[3], 
-6: 0[0], 0[1], 0[2], 0[3], 
-7: 0[0], 0[1], 0[2], 0[3], 
-8: 0[0], 0[1], 0[2], 0[3], 
-9: 0[0], 0[1], 0[2], 0[3], 
-10: 0[0], 0[1], 0[2], 0[3], 
-11: 0[0], 0[1], 0[2], 0[3], 
-12: 0[0], 0[1], 0[2], 0[3], 
-13: 0[0], 0[1], 0[2], 0[3], 
-14: 0[0], 0[1], 0[2], 
-15: 0[0], 0[1], 
-16: 0[0], 

##########################################################

35
Block 0
-1: 3[0], 6[1], 9[2], 12[3], 
0: 3[1], 6[2], 9[3], 
1: 3[2], 6[3], 
2: 3[3], 
-2: 6[0], 9[1], 12[2], 15[3], 
-3: 9[0], 12[1], 15[2], 18[3], 
-4: 12[0], 15[1], 18[2], 21[3], 
-5: 15[0], 18[1], 21[2], 24[3], 
-6: 18[0], 21[1], 24[2], 27[3], 
-7: 21[0], 24[1], 27[2], 30[3], 1[3], 
-8: 24[0], 27[1], 30[2], 1[2], 4[3], 
-9: 27[0], 30[1], 1[1], 4[2], 7[3], 
-10: 30[0], 1[0], 4[1], 7[2], 10[3], 
-11: 4[0], 7[1], 10[2], 13[3], 
-12: 7[0], 10[1], 13[2], 16[3], 
-13: 10[0], 13[1], 16[2], 
-14: 13[0], 16[1], 
-15: 16[0], 

Block 1
-1: 19[0], 22[1], 25[2], 28[3], 
0: 19[1], 22[2], 25[3], 
1: 19[2], 22[3], 
2: 19[3], 
-2: 22[0], 25[1], 28[2], 31[3], 2[3], 
-3: 25[0], 28[1], 31[2], 2[2], 5[3], 
-4: 28[0], 31[1], 2[1], 5[2], 8[3], 
-5: 31[0], 2[0], 5[1], 8[2], 11[3], 
-6: 5[0], 8[1], 11[2], 14[3], 
-7: 8[0], 11[1], 14[2], 17[3], 
-8: 11[0], 14[1], 17[2], 20[3], 
-9: 14[0], 17[1], 20[2], 23[3], 
-10: 17[0], 20[1], 23[2], 26[3], 
-11: 20[0], 23[1], 26[2], 29[3], 0[3], 
-12: 23[0], 26[1], 29[2], 0[2], 
-13: 26[0], 29[1], 0[1], 
-14: 29[0], 0[0], 

##########################################################

43
Block 0
-1: 22[0], 12[0], 2[0], 24[1], 14[1], 4[1], 26[2], 16[2], 6[2], 28[3], 18[3], 8[3], 
0: 22[1], 12[1], 2[1], 24[2], 14[2], 4[2], 26[3], 16[3], 6[3], 
1: 22[2], 12[2], 2[2], 24[3], 14[3], 4[3], 
2: 22[3], 12[3], 2[3], 
-2: 24[0], 14[0], 4[0], 26[1], 16[1], 6[1], 28[2], 18[2], 8[2], 30[3], 20[3], 10[3], 0[3], 
-3: 26[0], 16[0], 6[0], 28[1], 18[1], 8[1], 30[2], 20[2], 10[2], 0[2], 
-4: 28[0], 18[0], 8[0], 30[1], 20[1], 10[1], 0[1], 
-5: 30[0], 20[0], 10[0], 0[0], 

##########################################################

46
Block 0
-1: 28[0], 24[0], 20[0], 16[0], 12[0], 8[0], 4[0], 0[0], 28[1], 24[1], 20[1], 16[1], 12[1], 8[1], 4[1], 0[1], 
0: 28[1], 24[1], 20[1], 16[1], 12[1], 8[1], 4[1], 0[1], 28[2], 24[2], 20[2], 16[2], 12[2], 8[2], 4[2], 0[2], 
1: 28[2], 24[2], 20[2], 16[2], 12[2], 8[2], 4[2], 0[2], 28[3], 24[3], 20[3], 16[3], 12[3], 8[3], 4[3], 0[3], 
2: 28[3], 24[3], 20[3], 16[3], 12[3], 8[3], 4[3], 0[3], 
-2: 28[0], 24[0], 20[0], 16[0], 12[0], 8[0], 4[0], 0[0], 

##########################################################

49
Block 0
-1: 31[0], 30[0], 29[0], 28[0], 27[0], 26[0], 25[0], 24[0], 23[0], 22[0], 21[0], 20[0], 19[0], 18[0], 17[0], 16[0], 
0: 31[1], 30[1], 29[1], 28[1], 27[1], 26[1], 25[1], 24[1], 23[1], 22[1], 21[1], 20[1], 19[1], 18[1], 17[1], 16[1], 
1: 31[2], 30[2], 29[2], 28[2], 27[2], 26[2], 25[2], 24[2], 23[2], 22[2], 21[2], 20[2], 19[2], 18[2], 17[2], 16[2], 
2: 31[3], 30[3], 29[3], 28[3], 27[3], 26[3], 25[3], 24[3], 23[3], 22[3], 21[3], 20[3], 19[3], 18[3], 17[3], 16[3], 

Block 1
0: 15[0], 14[0], 13[0], 12[0], 11[0], 10[0], 9[0], 8[0], 7[0], 6[0], 5[0], 4[0], 3[0], 2[0], 1[0], 0[0], 
1: 15[1], 14[1], 13[1], 12[1], 11[1], 10[1], 9[1], 8[1], 7[1], 6[1], 5[1], 4[1], 3[1], 2[1], 1[1], 0[1], 
2: 15[2], 14[2], 13[2], 12[2], 11[2], 10[2], 9[2], 8[2], 7[2], 6[2], 5[2], 4[2], 3[2], 2[2], 1[2], 0[2], 
3: 15[3], 14[3], 13[3], 12[3], 11[3], 10[3], 9[3], 8[3], 7[3], 6[3], 5[3], 4[3], 3[3], 2[3], 1[3], 0[3], 

##########################################################

50
Block 0
0: 0[0], 0[0], 0[0], 0[0], 0[0], 0[0], 0[0], 0[0], 0[0], 0[0], 0[0], 0[0], 0[0], 0[0], 0[0], 0[0], 
1: 0[1], 0[1], 0[1], 0[1], 0[1], 0[1], 0[1], 0[1], 0[1], 0[1], 0[1], 0[1], 0[1], 0[1], 0[1], 0[1], 
2: 0[2], 0[2], 0[2], 0[2], 0[2], 0[2], 0[2], 0[2], 0[2], 0[2], 0[2], 0[2], 0[2], 0[2], 0[2], 0[2], 
3: 0[3], 0[3], 0[3], 0[3], 0[3], 0[3], 0[3], 0[3], 0[3], 0[3], 0[3], 0[3], 0[3], 0[3], 0[3], 0[3], 

##########################################################

54
Block 0
0: 4[0], 8[0], 12[0], 16[0], 20[0], 24[0], 28[0], 
1: 4[1], 8[1], 12[1], 16[1], 20[1], 24[1], 28[1], 0[0], 4[0], 8[0], 12[0], 16[0], 20[0], 24[0], 28[0], 
2: 4[2], 8[2], 12[2], 16[2], 20[2], 24[2], 28[2], 0[1], 4[1], 8[1], 12[1], 16[1], 20[1], 24[1], 28[1], 0[0], 
3: 4[3], 8[3], 12[3], 16[3], 20[3], 24[3], 28[3], 0[2], 4[2], 8[2], 12[2], 16[2], 20[2], 24[2], 28[2], 0[1], 
4: 0[3], 4[3], 8[3], 12[3], 16[3], 20[3], 24[3], 28[3], 0[2], 
5: 0[3], 

